  274.658,  521.849, 1208.495
  357.055,   82.397, 1098.634
  -54.932, -521.849, 1153.566
  411.988,  164.794, 1043.701
 -137.329,  109.865, 1208.495
  164.794, -384.523,  878.908
  274.658,-1208.495, 1208.495
  302.123,-1702.879, 1126.098
  384.523,-1977.538,  769.043
   27.464,-1812.744, 1126.098
 -137.329,-1840.208, 1071.166
  137.329,-2307.128, 1235.963
  247.194,-2362.061, 1043.701
  -54.932,-2059.934, 1071.166
  466.920,-1510.621, 1016.237
  411.988,-1290.892, 1098.634
  604.249,-1373.292, 1181.030
  109.865, -988.769, 1126.098
    0.000, -109.865, 1126.098
  302.123,  -27.464,  961.304
 -137.329, -302.123, 1373.292
  219.726,    0.000,  988.769
  329.591,  192.262,  933.836
  137.329,  631.714,  988.769
  274.658,  247.194, 1290.892
  302.123, -384.523,  988.769
    0.000, -439.452,  961.304
    0.000, -549.317, 1208.495
  109.865, -549.317, 1263.427
  521.849,-1565.550, 1208.495
  357.055,-1867.676,  988.769
  329.591,-1785.280,  961.304
  384.523,-1400.756, 1098.634
  961.304,-1538.086,  988.769
  329.591,-1647.950, 1318.360
  247.194,-1593.018, 1263.427
 -164.794,-1812.744, 1290.892
  192.262,-1400.756, 1400.756
  439.452,-1373.292, 1455.689
  686.646,-1208.495, 1263.427
 -109.865,-1290.892, 1016.237
  109.865,-1483.153,  988.769
  357.055,-1263.427,  823.975
  -27.464,-1290.892,  878.908
   54.932,-1428.221, 1098.634
  329.591,-1126.098, 1071.166
  247.194, -878.908, 1098.634
  -54.932, -686.646, 1263.427
  137.329, -604.249, 1235.963
 -247.194,-1043.701, 1263.427
  -27.464, -961.304,  933.836
 -164.794, -604.249,  961.304
  -54.932,  -27.464, 1318.360
  -27.464, -576.781, 1318.360
  219.726, -796.507,  906.372
    0.000, -906.372,  906.372
  -82.397, -659.178, 1208.495
  -54.932,-1208.495, 1263.427
 -192.262,-1510.621, 1290.892
  137.329,-1620.482, 1098.634
  384.523,-1675.415,  988.769
  796.507,-1950.073, 1235.963
 1153.566,-2499.390,  933.836
  274.658,-1950.073,  851.440
  329.591,-1318.360,  741.578
  357.055,-1428.221, 1098.634
  494.384,-1318.360, 1235.963
 -302.123, -576.781,  961.304
   54.932, -302.123, 1153.566
  247.194, -164.794, 1318.360
  302.123,   82.397, 1043.701
    0.000,  576.781, 1098.634
    0.000,  631.714,  823.975
  329.591, -384.523, 1290.892
  219.726, -329.591,  988.769
  -27.464, -109.865, 1043.701
  137.329, -192.262, 1016.237
 -192.262,-1126.098, 1181.030
  439.452,-1483.153, 1208.495
  164.794,-1647.950, 1071.166
   82.397,-1730.347,  906.372
  274.658,-2059.934, 1126.098
  686.646,-2005.006, 1455.689
  631.714,-2169.799, 1208.495
  466.920,-2059.934, 1016.237
  192.262,-1840.208, 1016.237
  357.055,-1620.482, 1318.360
  411.988, -906.372, 1126.098
  357.055, -961.304, 1208.495
  137.329, -549.317, 1043.701
  274.658, -329.591,  961.304
    0.000, -219.726, 1400.756
  329.591,  -82.397, 1181.030
  137.329,  -82.397, 1126.098
 -411.988, -302.123, 1235.963
    0.000, -329.591, 1235.963
  247.194, -769.043, 1345.824
  384.523, -851.440, 1208.495
  164.794,-1098.634,  906.372
   27.464, -878.908, 1098.634
 -109.865, -823.975, 1290.892
 -247.194,-1126.098, 1373.292
 -137.329,-2169.799, 1071.166
  137.329,-2444.458,  906.372
  -27.464,-1675.415, 1016.237
  247.194,-1675.415, 1208.495
 -219.726,-2609.251, 1153.566
   54.932,-2911.378, 1263.427
  631.714,-3405.762, 1126.098
 -439.452,-1867.676, 1153.566
  192.262, -988.769, 1098.634
  329.591, -769.043, 1098.634
  -82.397,-1730.347,  878.908
 -219.726,-1812.744,  823.975
 -302.123,-1181.030, 1290.892
  -82.397,-1455.689, 1483.153
 -302.123,-1153.566, 1318.360
 -109.865,-1565.550, 1181.030
  631.714,-2032.470, 1098.634
  521.849,-1483.153, 1016.237
  576.781, -631.714,  604.249
  164.794,    0.000, 1016.237
 -137.329,  -54.932, 1126.098
 -219.726, -714.110, 1345.824
   54.932, -823.975, 1263.427
  769.043, -192.262, 1373.292
  631.714,  302.123, 1373.292
 1345.824,  851.440, 1016.237
 1153.566, 1538.086,  851.440
 1483.153, 1538.086,  961.304
 1428.221, 1263.427, 1126.098
  741.578, 1153.566, 1208.495
 -274.658, 2307.128, 1483.153
 -164.794, 1977.538, 1510.621
 -137.329,  961.304, 1483.153
  988.769, -549.317, 1483.153
  357.055,-1016.237,  851.440
   82.397,-1071.166,  576.781
  851.440, -988.769,  961.304
  659.178,-1510.621, 1043.701
  411.988,-3021.239, 1043.701
   82.397,-3707.885,  933.836
 -329.591,-3405.762,  933.836
 -192.262,-2911.378, 1153.566
 -357.055,-2252.196, 1235.963
  109.865,-2444.458, 1126.098
  219.726,-2279.664,  961.304
  411.988,-1428.221,  906.372
  466.920,   82.397, 1071.166
  357.055,  741.578, 1235.963
 -137.329,  411.988, 1373.292
   27.464,  439.452, 1373.292
 -137.329,  796.507, 1290.892
  302.123, 1455.689, 1345.824
  357.055, 1510.621, 1235.963
  604.249,  961.304, 1208.495
  521.849,  274.658, 1098.634
  659.178,  137.329, 1153.566
  741.578, -274.658, 1016.237
  494.384,-1126.098, 1043.701
  274.658,-1483.153, 1126.098
    0.000,-1483.153, 1126.098
  192.262,-1757.812, 1290.892
 -247.194,-2362.061, 1345.824
 -466.920,-2719.116, 1043.701
   54.932,-2526.854,  961.304
  -27.464,-1977.538,  961.304
  247.194,-2087.402, 1016.237
  164.794,-2114.867,  988.769
 -302.123,-1455.689,  796.507
  219.726,-1208.495,  851.440
   82.397, -604.249,  961.304
   54.932, -439.452, 1263.427
   27.464,   27.464, 1181.030
  137.329,  137.329, 1043.701
  576.781,  851.440,  878.908
  357.055,  796.507,  988.769
  219.726,  851.440, 1235.963
  274.658,  247.194, 1098.634
  -82.397,  357.055, 1373.292
 -109.865,  302.123, 1318.360
   82.397, -164.794, 1290.892
  164.794,-1043.701, 1235.963
  164.794,-1785.280, 1235.963
  439.452,-1455.689, 1043.701
  714.110,-1785.280, 1043.701
  384.523,-2471.922,  933.836
  164.794,-3213.500,  796.507
  -82.397,-2416.993,  988.769
  -27.464,-1675.415,  961.304
 -247.194,-1840.208, 1318.360
 -164.794,-2307.128, 1263.427
  192.262,-2005.006, 1126.098
  -27.464,-1043.701, 1208.495
  329.591, -466.920, 1455.689
  329.591, -576.781, 1126.098
  274.658, -659.178, 1208.495
  549.317,   27.464, 1016.237
    0.000,  411.988, 1181.030
  384.523,  219.726, 1043.701
  219.726,  302.123, 1263.427
  -54.932,   82.397, 1043.701
  466.920,  164.794, 1126.098
  631.714, -302.123, 1126.098
  659.178, -769.043,  796.507
  466.920,-1043.701, 1016.237
  521.849, -988.769,  878.908
  -54.932, -823.975, 1016.237
 -137.329,-1126.098, 1290.892
 -274.658,-1455.689, 1538.086
 -741.578,-1455.689, 1455.689
 -576.781,-1675.415, 1455.689
  219.726,-1812.744,  878.908
  714.110,-1785.280,  411.988
 1208.495,-1620.482,  878.908
  631.714,-1373.292,  769.043
  494.384,-1812.744, 1016.237
 -714.110,-1647.950, 1016.237
 -329.591, -192.262, 1318.360
  109.865,  109.865, 1400.756
  247.194,  219.726, 1373.292
  411.988, -192.262, 1153.566
  686.646,  -54.932,  961.304
  604.249, -137.329, 1098.634
  604.249,   54.932, 1565.550
   54.932,   54.932, 1290.892
  192.262, -466.920, 1153.566
  219.726, -988.769, 1345.824
  411.988,-1318.360, 1153.566
  521.849,-1043.701, 1235.963
  274.658,-1483.153, 1126.098
  137.329,-2362.061,  961.304
  357.055,-2416.993, 1043.701
  137.329,-2114.867, 1043.701
  823.975,-2087.402,  906.372
  247.194,-2114.867, 1290.892
  384.523,-1675.415,  933.836
   27.464,-1071.166,  906.372
   27.464, -466.920, 1126.098
 -549.317, -714.110, 1235.963
  137.329, -988.769,  988.769
 -137.329,  -27.464, 1290.892
   82.397,  769.043, 1290.892
  247.194,  741.578, 1181.030
  302.123,  274.658, 1126.098
   82.397, -329.591, 1098.634
  302.123,   27.464, 1126.098
  109.865, -164.794, 1510.621
  109.865, -714.110, 1181.030
  109.865, -933.836, 1345.824
  164.794,-1071.166, 1208.495
  769.043,-1263.427, 1181.030
  521.849,-1785.280, 1153.566
  659.178,-1950.073, 1153.566
 -109.865,-1593.018, 1263.427
  164.794,-1593.018, 1071.166
  137.329,-1647.950, 1098.634
 -384.523,-1565.550, 1126.098
 -137.329,-1483.153, 1181.030
 -357.055, -851.440, 1126.098
  -82.397, -164.794, 1428.221
  411.988, -576.781,  988.769
 -302.123, -961.304,  796.507
   54.932, -741.578, 1181.030
 -109.865,    0.000, 1455.689
  329.591,  329.591, 1428.221
  164.794, -576.781, 1290.892
  -82.397,-1098.634, 1043.701
  -82.397, -851.440, 1290.892
  109.865,  -27.464, 1455.689
  164.794, -439.452, 1181.030
  384.523,-1510.621, 1290.892
  494.384,-1867.676, 1071.166
  686.646,-1510.621, 1098.634
  137.329,-1318.360, 1153.566
  -27.464,-1785.280,  878.908
   82.397,-2114.867, 1263.427
  659.178,-2005.006,  878.908
  357.055,-1208.495, 1318.360
  357.055,-1373.292,  988.769
  329.591,-1812.744,  823.975
  357.055,-1400.756, 1126.098
  741.578, -631.714, 1373.292
  109.865, -219.726, 1318.360
 -247.194, -219.726,  933.836
    0.000, -576.781,  933.836
  137.329, -302.123, 1455.689
  274.658,  137.329, 1290.892
    0.000,   27.464, 1428.221
  109.865, -604.249, 1318.360
  384.523, -988.769, 1016.237
  302.123, -988.769, 1098.634
    0.000, -851.440, 1043.701
 -247.194,-1126.098, 1345.824
   82.397,-2279.664, 1235.963
  -54.932,-2416.993,  823.975
  137.329,-1757.812, 1126.098
  659.178,-1785.280, 1016.237
  796.507,-2444.458,  631.714
  604.249,-1757.812,  631.714
  329.591, -796.507, 1126.098
    0.000, -274.658, 1181.030
  302.123, -494.384, 1126.098
  384.523, -741.578, 1126.098
   27.464, -411.988, 1318.360
   27.464,  741.578, 1400.756
  741.578,  604.249, 1126.098
  823.975,  466.920,  741.578
  686.646,  439.452,  878.908
  686.646,  109.865, 1126.098
  302.123, -411.988, 1126.098
 -384.523, -357.055, 1153.566
 -164.794,-1373.292, 1208.495
   27.464,-1675.415, 1318.360
  329.591,-2554.322, 1126.098
 -109.865,-2828.977, 1181.030
   82.397,-3350.830,  851.440
  164.794,-3598.020,  714.110
  329.591,-3076.171,  961.304
  164.794,-2499.390, 1208.495
    0.000,-2499.390, 1071.166
  -54.932,-2883.910,  961.304
    0.000,-1647.950, 1043.701
  274.658, -769.043, 1208.495
  109.865,  247.194,  988.769
   82.397,  137.329, 1126.098
   54.932,   82.397,  851.440
  741.578,  631.714, 1016.237
 1235.963, 1043.701, 1181.030
  -82.397, 1345.824,  878.908
  466.920,  878.908, 1235.963
  961.304, -109.865, 1263.427
  714.110,  -27.464, 1208.495
 -521.849, -247.194,  961.304
 -741.578, -521.849,  961.304
  192.262,-1593.018, 1620.482
  933.836,-2554.322, 1620.482
   54.932,-2636.719, 1290.892
   82.397,-2389.525,  659.178
  494.384,-1950.073,  686.646
  714.110,-2362.061, 1455.689
  631.714,-2664.184, 1153.566
 -329.591,-2664.184,  933.836
 -521.849,-1812.744,  769.043
  109.865, -988.769, 1016.237
  411.988, -439.452, 1400.756
  741.578, -549.317, 1016.237
  -82.397, -219.726,  631.714
  137.329,  466.920,  851.440
  659.178,  988.769, 1455.689
  357.055,  521.849, 1593.018
    0.000,   54.932, 1071.166
 -137.329,  -54.932,  796.507
  137.329,  411.988, 1510.621
  604.249, -137.329, 1400.756
   82.397,-1098.634, 1181.030
  192.262,-1181.030, 1016.237
  357.055,-1867.676,  686.646
 1016.237,-1702.879,  961.304
  521.849,-1620.482, 1318.360
  164.794,-1977.538,  878.908
 -494.384,-2114.867, 1016.237
  -27.464,-2142.335, 1290.892
  274.658,-1647.950, 1071.166
  164.794, -796.507, 1126.098
   82.397, -933.836, 1043.701
  466.920, -878.908, 1098.634
  631.714, -137.329, 1208.495
  357.055,  302.123,  906.372
    0.000,   27.464, 1153.566
   27.464, -466.920, 1235.963
  576.781,   82.397, 1153.566
  494.384,  302.123, 1208.495
  302.123,  494.384, 1153.566
    0.000,  219.726,  769.043
  466.920, -384.523, 1373.292
  329.591, -686.646, 1538.086
  219.726,-1153.566, 1208.495
  -82.397,-1483.153,  961.304
  -27.464,-1098.634, 1290.892
  631.714,-1153.566,  961.304
  384.523,-2252.196, 1126.098
  302.123,-2966.306, 1071.166
  604.249,-2554.322,  878.908
  411.988,-1675.415,  961.304
  466.920, -741.578,  714.110
  466.920, -769.043,  604.249
  549.317, -549.317, 1043.701
  219.726, -494.384, 1620.482
 -109.865, -494.384, 1565.550
 -796.507,  -82.397, 1428.221
 -302.123,  714.110, 1345.824
  576.781,  604.249, 1235.963
  988.769,  549.317, 1098.634
  714.110,  878.908,  714.110
  329.591,  521.849,  906.372
  411.988,    0.000, 1318.360
   27.464, -576.781, 1565.550
    0.000,-1016.237, 1373.292
 -109.865,-1400.756, 1181.030
   54.932,-1675.415, 1318.360
  439.452,-2005.006,  604.249
  329.591,-2307.128,  823.975
    0.000,-2169.799, 1208.495
  137.329,-2581.787, 1071.166
  329.591,-2471.922, 1373.292
 -219.726,-2197.264, 1290.892
 -302.123,-1785.280, 1235.963
 -494.384,-1565.550, 1345.824
  -27.464,-1235.963, 1208.495
  631.714, -769.043, 1098.634
  494.384,  164.794, 1043.701
  823.975,  961.304,  906.372
  741.578, 1098.634,  906.372
  686.646, 1235.963,  906.372
  192.262, 1455.689, 1181.030
 -164.794, 1400.756, 1565.550
 -631.714, 1126.098, 1730.347
 -384.523, -137.329, 1538.086
 -494.384, -906.372, 1400.756
 -384.523,-1538.086, 1318.360
   27.464,-2114.867, 1235.963
  -82.397,-2691.652,  961.304
  659.178,-3707.885,  933.836
 1675.415,-4476.928,  961.304
  769.043,-4202.269,  521.849
 -549.317,-3488.159,  604.249
  -82.397,-2966.306,  933.836
  411.988,-3021.239, 1812.744
  -27.464,-2636.719, 1290.892
 -137.329,-1785.280,  823.975
   54.932, -137.329, 1016.237
 1043.701,  549.317, 1345.824
  906.372,  933.836, 1235.963
  109.865,  741.578, 1263.427
 -384.523,  576.781, 1455.689
  247.194, 1016.237, 1428.221
  384.523, 1235.963, 1455.689
  411.988, 1208.495, 1098.634
  164.794,  796.507, 1071.166
  219.726,  357.055, 1290.892
  549.317, -933.836, 1373.292
  357.055,-1126.098,  906.372
 -219.726,-1400.756, 1263.427
  549.317,-1702.879, 1263.427
  411.988,-1840.208, 1043.701
  631.714,-1950.073,  906.372
  411.988,-2554.322,  933.836
    0.000,-2801.513,  988.769
   27.464,-2801.513, 1153.566
 -164.794,-2279.664, 1126.098
  302.123,-1812.744,  878.908
  219.726, -796.507,  659.178
  137.329,  357.055,  796.507
  164.794, -769.043,  961.304
 -384.523,-1208.495, 1593.018
-1098.634, -274.658, 1510.621
-1428.221,  604.249, 1455.689
-1043.701,    0.000, 1702.879
  274.658,-1126.098, 1538.086
  631.714, -796.507, 1181.030
  631.714,  -27.464,  439.452
  741.578,  521.849,  796.507
  823.975,  219.726,  961.304
  384.523,-1455.689, 1153.566
  192.262,-2252.196, 1263.427
  247.194,-2169.799,  933.836
 -109.865,-1620.482,  906.372
  384.523, -659.178, 1208.495
  961.304, -988.769, 1373.292
  823.975,-2114.867, 1263.427
  302.123,-2389.525,  961.304
  -82.397,-1400.756, 1263.427
    0.000, -714.110, 1263.427
    0.000, -796.507, 1593.018
   54.932,-1208.495, 1428.221
   27.464,-1071.166, 1098.634
  247.194, -192.262, 1235.963
  384.523,  109.865, 1126.098
  357.055, -329.591,  961.304
  -27.464, -988.769,  741.578
  137.329, -137.329,  741.578
  109.865,  302.123,  961.304
  -54.932,  -82.397, 1290.892
 -686.646,-1428.221, 1373.292
-1016.237,-1647.950, 1126.098
 -494.384,-1538.086, 1208.495
  137.329,-1428.221, 1290.892
  686.646,-3076.171, 1071.166
 1812.744,-3927.611,  631.714
 1318.360,-2142.335,    0.000
  549.317,  906.372,  494.384
  357.055, 1675.415,  988.769
 -549.317, -659.178, 1455.689
-2224.732,-3158.568, 1538.086
-1510.621,-2636.719, 2005.006
   54.932,-1950.073, 1675.415
  521.849, -823.975, 1373.292
 1290.892, -164.794,  466.920
 2005.006,  -27.464,  219.726
 1565.550,-1098.634,  494.384
 1483.153, -192.262, 1263.427
 -164.794,  686.646,  933.836
-1043.701, 1812.744, 1126.098
 -796.507, 1400.756, 1483.153
   54.932,  906.372, 1593.018
  -54.932,  851.440, 1675.415
 -164.794,  329.591, 1153.566
 -274.658,  604.249, 1181.030
 -164.794, -549.317, 1016.237
  137.329,-2142.335, 1373.292
 -714.110,-3076.171, 1263.427
-1235.963,-3982.543, 1538.086
 -961.304,-4888.915, 1428.221
 -851.440,-6042.478, 1153.566
  192.262,-7800.293,  851.440
 2334.593,-8294.677, 1428.221
 3488.159,-7415.770,  466.920
 2224.732,-3598.020, -439.452
  933.836,  741.578, -137.329
  961.304, 2059.934,  659.178
  631.714, 1730.347, 2142.335
-1263.427, 2362.061, 2664.184
-1950.073, 4641.721, 2334.593
-1730.347, 6042.478, 2087.402
 -109.865, 6124.878, 2142.335
 1455.689, 5657.958, 1757.812
 1428.221, 5245.970,  631.714
 1263.427, 4037.476,  247.194
  906.372, 2471.922,  576.781
  961.304,  -54.932, 1235.963
   82.397,-1895.141, 1593.018
-1235.963,-4037.476, 1455.689
-1208.495,-5575.561, 1428.221
 -631.714,-7058.714, 1126.098
  494.384,-7992.551, 1071.166
  823.975,-8212.277,  466.920
 1181.030,-8020.019,  329.591
  878.908,-6317.136,  494.384
  906.372,-4751.586,  549.317
  -54.932,-3103.636, 1043.701
 -357.055,-1483.153, 1290.892
 -686.646, -137.329, 1428.221
 -878.908, 2334.593, 1620.482
 -604.249, 4339.598, 1290.892
  329.591, 6152.342, 1071.166
  659.178, 6262.207,  961.304
  659.178, 6097.410, 1181.030
  466.920, 5245.970, 1263.427
 -137.329, 4724.122, 1428.221
 -659.178, 3790.282, 1647.950
-1208.495, 1455.689, 1812.744
 -604.249,-1510.621, 1373.292
  -54.932,-3405.762, 1126.098
  247.194,-3955.079,  659.178
  659.178,-4504.392,  219.726
 1263.427,-5877.684,  411.988
 1510.621,-7772.825,  384.523
  769.043,-7470.702,  549.317
   82.397,-5850.220,  384.523
 -439.452,-3955.079,  961.304
 -549.317,-3817.750, 1400.756
 -302.123,-3268.433, 1620.482
 -659.178,-1016.237, 1235.963
  -54.932, 2526.854, 1620.482
  659.178, 3240.965, 1483.153
 1098.634, 2526.854, 1126.098
  796.507, 3872.678, 1071.166
  604.249, 6097.410, 1373.292
  302.123, 6372.068, 1647.950
  521.849, 3460.694, 1455.689
 -274.658, 1538.086,  851.440
 -466.920, 1757.812,  933.836
  466.920, 1675.415, 1290.892
  659.178, -521.849, 1428.221
  329.591,-3707.885,  631.714
 -219.726,-4724.122,  384.523
 -137.329,-4504.392,  741.578
  686.646,-4696.654, 1428.221
  -27.464,-5493.164, 1428.221
 -851.440,-6344.604,  549.317
 -659.178,-5081.177,  604.249
  686.646,-3240.965, 1126.098
  631.714,-2032.470, 1126.098
  411.988,-1263.427,  796.507
  384.523,  109.865,  686.646
  906.372, 2279.664, 1181.030
 1181.030, 4037.476, 1950.073
  357.055, 3488.159, 2059.934
  274.658, 2499.390, 1483.153
  329.591, 2252.196, 1922.609
  274.658, 2444.458, 2389.525
  219.726, 1208.495, 1757.812
  247.194,-1922.609, 1126.098
 1043.701,-4284.666,  769.043
  549.317,-4394.531,  988.769
  137.329,-4504.392,  906.372
 -494.384,-5493.164,  769.043
 -604.249,-7058.714,  796.507
 -741.578,-7305.908, 1098.634
 -631.714,-6015.013, 1016.237
 -411.988,-4037.476, 1071.166
 -329.591,-3021.239,  961.304
  -82.397,-2252.196,  878.908
  -27.464, -796.507, 1071.166
  192.262, 1290.892,  988.769
 -109.865, 3103.636,  906.372
  -82.397, 3900.146, 1428.221
  411.988, 4339.598, 1483.153
   82.397, 5410.764, 1757.812
   82.397, 5767.823, 1565.550
  631.714, 4943.848, 1181.030
  659.178, 3048.707, 1318.360
  961.304, 2032.470, 1290.892
  906.372, 1812.744,  961.304
  769.043,  302.123, 1016.237
 1181.030,-2581.787,  851.440
 1098.634,-4943.848, 1208.495
  329.591,-4916.380, 1016.237
  137.329,-4531.860,  933.836
  -54.932,-5245.970, 1016.237
  466.920,-5960.081,  686.646
  686.646,-5328.367,  769.043
  -82.397,-3955.079,  576.781
 -439.452,-2279.664, 1016.237
 -549.317,-1483.153, 1153.566
 -329.591, -961.304, 1400.756
 -329.591,  741.578,  961.304
 -631.714, 2334.593, 1181.030
  357.055, 3378.294, 1400.756
  576.781, 3570.556, 1373.292
  439.452, 3817.750, 1345.824
 -411.988, 3570.556, 1345.824
  549.317, 2719.116, 1428.221
  439.452, 1510.621, 1538.086
 1153.566, -631.714, 1373.292
  631.714,-2389.525, 1126.098
  357.055,-2554.322,  906.372
 1126.098,-3680.420,  878.908
  933.836,-5163.574, 1016.237
  631.714,-6564.330, 1043.701
  576.781,-6674.191,  961.304
   82.397,-5850.220,  796.507
  192.262,-5191.038, 1126.098
  521.849,-4861.451, 1373.292
 -219.726,-4174.805, 1181.030
 -521.849,-2444.458, 1098.634
 -109.865, -823.975, 1153.566
  137.329,  109.865, 1153.566
  137.329,  988.769, 1098.634
 -494.384, 1922.609, 1208.495
 -247.194, 2938.842, 1153.566
 -466.920, 3076.171, 1263.427
   82.397, 3378.294, 1483.153
 -714.110, 3378.294, 1400.756
 -274.658, 2554.322, 1016.237
  137.329, 1620.482,  933.836
  -82.397,  878.908, 1345.824
  494.384, -192.262, 1263.427
  714.110,-1098.634, 1043.701
  604.249,-2389.525,  851.440
  137.329,-3790.282, 1290.892
  659.178,-4119.872, 1071.166
  823.975,-4476.928,  933.836
  439.452,-4724.122,  933.836
  686.646,-5218.506,  878.908
  109.865,-4394.531,  961.304
  109.865,-3240.965,  741.578
  466.920,-2471.922,  823.975
  411.988,-2059.934,  906.372
   82.397, -933.836, 1126.098
  -54.932,  741.578, 1153.566
  -82.397, 1455.689, 1318.360
 -274.658, 2609.251, 1153.566
 -302.123, 2883.910, 1043.701
 -274.658, 3158.568,  988.769
 -411.988, 3378.294, 1345.824
    0.000, 2774.048, 1153.566
  164.794, 2197.264, 1208.495
   27.464, 1922.609,  933.836
    0.000,  604.249, 1043.701
  302.123, -192.262,  796.507
  384.523, -714.110,  686.646
  329.591,-1538.086,  906.372
  439.452,-2307.128,  878.908
  274.658,-2938.842,  741.578
  247.194,-3240.965, 1071.166
  247.194,-2581.787,  796.507
  384.523,-2362.061,  961.304
  576.781,-3158.568, 1263.427
  521.849,-2691.652, 1043.701
  -27.464,-1895.141, 1400.756
 -109.865,-1318.360, 1263.427
 -137.329,-1318.360, 1373.292
  -27.464,-1126.098, 1345.824
 -302.123, -686.646, 1345.824
  109.865, -274.658, 1400.756
  604.249, -769.043, 1400.756
  494.384,-1400.756, 1181.030
  357.055,-1016.237, 1126.098
    0.000, -988.769, 1208.495
  -27.464,-1345.824, 1345.824
  411.988,-2444.458, 1290.892
  247.194,-2362.061, 1235.963
  439.452,-1922.609, 1126.098
  192.262,-1895.141, 1208.495
  466.920,-2032.470,  961.304
  741.578,-1867.676, 1373.292
  466.920,-1510.621, 1290.892
  384.523,-1016.237, 1290.892
  192.262, -659.178, 1153.566
  439.452,  -54.932, 1181.030
  302.123,   27.464, 1345.824
  274.658,   27.464, 1290.892
  192.262,  164.794, 1098.634
   27.464,  302.123,  933.836
   27.464,  494.384, 1181.030
  466.920,  302.123, 1126.098
   27.464, -302.123,  933.836
 -411.988, -274.658, 1208.495
 -576.781, -714.110, 1043.701
 -494.384,-1126.098, 1290.892
 -549.317,-1345.824, 1208.495
   27.464,-1455.689, 1290.892
 -329.591,-1840.208,  988.769
  357.055,-1895.141,  851.440
  411.988,-1647.950,  686.646
  -27.464, -823.975, 1071.166
    0.000, -823.975, 1208.495
    0.000,-1126.098, 1208.495
  357.055, -961.304,  961.304
    0.000, -576.781,  961.304
  164.794,  -54.932,  961.304
  302.123, -164.794,  988.769
  219.726,  -54.932, 1043.701
  439.452,  137.329,  988.769
  411.988,  411.988,  961.304
  604.249,  247.194,  906.372
  137.329, -247.194, 1208.495
   82.397, -604.249, 1126.098
   54.932, -329.591,  961.304
   82.397, -329.591, 1235.963
  192.262, -823.975,  988.769
  494.384,-1483.153, 1181.030
   82.397,-1977.538, 1071.166
  384.523,-1455.689, 1016.237
  192.262,-1647.950, 1208.495
  -82.397,-2059.934, 1208.495
 -137.329,-2252.196, 1290.892
  247.194,-2224.732, 1345.824
  137.329,-2307.128, 1235.963
   27.464,-1950.073, 1263.427
  164.794,-2005.006, 1098.634
  247.194,-1922.609, 1208.495
  631.714,-1895.141, 1263.427
  604.249,-1483.153,  906.372
 -164.794,-1181.030, 1263.427
  576.781, -659.178,  988.769
  137.329, -521.849, 1290.892
 -109.865, -576.781, 1263.427
  -27.464,  219.726, 1181.030
  192.262,   54.932, 1071.166
   27.464,  384.523, 1071.166
   54.932,  137.329, 1126.098
  109.865,  439.452, 1153.566
 -164.794,  329.591, 1043.701
 -192.262,  329.591, 1153.566
 -109.865,  494.384, 1208.495
  164.794,  109.865, 1043.701
    0.000, -164.794, 1153.566
  137.329, -796.507, 1016.237
  521.849, -714.110,  906.372
  219.726,-1153.566, 1235.963
  302.123,-1153.566, 1126.098
  274.658,-2059.934, 1400.756
  164.794,-2334.593,  906.372
  466.920,-2059.934,  961.304
   82.397,-1290.892, 1153.566
  329.591,-1675.415, 1071.166
  192.262,-1593.018, 1016.237
  192.262,-1593.018,  878.908
   82.397,-1043.701,  741.578
  411.988, -576.781,  823.975
  659.178, -357.055,  906.372
  796.507,  247.194,  796.507
  686.646,  357.055, 1290.892
  576.781,  247.194, 1071.166
  192.262,   27.464, 1181.030
   54.932, -109.865, 1181.030
  411.988, -164.794, 1538.086
  521.849,-1071.166, 1208.495
  411.988,-2114.867, 1181.030
  274.658,-2856.445,  988.769
  411.988,-2883.910, 1098.634
  631.714,-2719.116, 1181.030
  302.123,-3433.226, 1290.892
  466.920,-4229.737,  769.043
  -82.397,-3790.282, 1043.701
  274.658,-2416.993, 1071.166
  274.658,-1950.073, 1071.166
  109.865,-1455.689, 1098.634
  192.262, -933.836, 1016.237
   27.464,  137.329,  796.507
  357.055, 1593.018, 1071.166
  384.523, 1840.208, 1400.756
  631.714, 1950.073, 1071.166
  329.591, 2362.061,  878.908
   27.464, 2691.652, 1208.495
 -164.794, 2609.251, 1565.550
   27.464, 1840.208, 1318.360
   82.397,  933.836, 1126.098
  357.055,  851.440, 1153.566
  357.055,    0.000, 1235.963
  659.178, -933.836, 1126.098
    0.000,-1840.208,  851.440
 -219.726,-2609.251,  741.578
  247.194,-3076.171,  988.769
  329.591,-2966.306, 1153.566
 -192.262,-2636.719, 1016.237
   82.397,-2828.977, 1126.098
  274.658,-2993.774, 1263.427
    0.000,-2114.867,  878.908
  -27.464,-1345.824, 1043.701
  -27.464, -686.646, 1098.634
  466.920,-1043.701, 1126.098
  494.384, -439.452, 1290.892
  137.329,  164.794, 1071.166
 -521.849,  686.646, 1126.098
  494.384,  302.123, 1730.347
  604.249, -549.317, 1538.086
 -274.658,   27.464, 1126.098
 -851.440,   27.464, 1043.701
 -192.262, -988.769, 1400.756
  329.591,-2719.116, 1950.073
  -82.397,-2691.652, 1702.879
 -164.794,-2499.390,  906.372
  439.452,-2856.445,  823.975
  796.507,-3488.159,  631.714
  933.836,-3762.817,  631.714
 -137.329,-3817.750,  741.578
 -137.329,-3570.556,  851.440
   54.932,-2609.251, 1098.634
    0.000,-1565.550, 1071.166
    0.000, -988.769, 1208.495
  302.123,-1126.098, 1428.221
  961.304, -439.452, 1345.824
  494.384,  796.507, 1043.701
  411.988, 1977.538, 1290.892
  329.591, 1950.073, 1290.892
  494.384, 1345.824, 1345.824
  164.794, 1263.427,  961.304
    0.000, 1620.482, 1071.166
 -109.865, 1895.141,  851.440
  219.726,  411.988, 1153.566
 -219.726, -494.384,  988.769
  -82.397, -961.304, 1043.701
  247.194,-1290.892,  823.975
   54.932,-1208.495,  851.440
 -604.249,-2471.922,  851.440
 -302.123,-2938.842,  988.769
   82.397,-2664.184, 1263.427
  137.329,-2334.593, 1428.221
  192.262,-1867.676, 1098.634
  137.329,-1922.609, 1071.166
  494.384,-1812.744, 1181.030
  741.578, -796.507,  988.769
  906.372,  439.452, 1153.566
  878.908,  906.372,  933.836
  247.194,  466.920, 1098.634
  302.123,  164.794, 1208.495
 -192.262,  466.920, 1675.415
 -329.591,  329.591, 1620.482
 -521.849, -247.194, 1867.676
  247.194,-1345.824, 1840.208
  659.178,-2169.799, 1098.634
  411.988,-1757.812,  823.975
  302.123,-2169.799,  659.178
  714.110,-3268.433,  741.578
  274.658,-3460.694, 1071.166
  302.123,-3350.830, 1016.237
 -329.591,-2911.378,  631.714
 -411.988,-2471.922,  851.440
 -164.794,-2609.251, 1235.963
  192.262,-1647.950, 1565.550
 -109.865, -823.975, 1181.030
  247.194,  -54.932, 1153.566
  164.794,  109.865, 1098.634
   82.397,  439.452, 1126.098
  357.055,  988.769, 1263.427
    0.000, 1428.221, 1702.879
   82.397, 1126.098, 1455.689
  219.726,  631.714, 1181.030
  329.591,  109.865, 1235.963
  796.507,  411.988,  988.769
  714.110,  -82.397, 1098.634
  302.123,-1071.166,  796.507
  549.317,-1510.621, 1071.166
  302.123,-1593.018, 1016.237
  -82.397,-2224.732, 1181.030
 -494.384,-2581.787, 1318.360
    0.000,-2334.593, 1208.495
 -164.794,-2059.934, 1318.360
  109.865,-1867.676, 1181.030
   27.464,-2554.322,  988.769
  466.920,-2142.335,  906.372
  686.646, -604.249, 1071.166
  521.849, -329.591, 1263.427
 -274.658, -741.578, 1181.030
 -329.591, -878.908,  988.769
  -54.932, -274.658, 1318.360
  549.317,  411.988, 1290.892
  411.988,  466.920, 1620.482
  109.865,  -54.932, 1290.892
  164.794, -302.123,  961.304
  411.988, -164.794, 1016.237
  714.110, -137.329, 1455.689
  439.452, -329.591, 1235.963
  357.055, -714.110,  851.440
  219.726,-1702.879,  961.304
  549.317,-1538.086,  988.769
  192.262,-1345.824, 1290.892
   82.397,-1647.950, 1016.237
  164.794,-2169.799, 1043.701
  384.523,-2362.061,  961.304
  329.591,-1867.676,  988.769
 -192.262,-1565.550,  933.836
  -27.464,-1400.756, 1016.237
  521.849,-1208.495, 1153.566
  274.658, -494.384, 1538.086
  109.865, -549.317, 1373.292
    0.000, -576.781, 1043.701
  329.591, -796.507,  906.372
  302.123, -219.726, 1181.030
  769.043,  659.178,  988.769
  274.658,  164.794, 1126.098
  -27.464, -604.249,  988.769
   82.397, -823.975,  988.769
  466.920, -357.055, 1043.701
  357.055, -302.123, 1483.153
  219.726,-1043.701, 1235.963
 -329.591,-1565.550, 1153.566
   54.932,-1510.621,  961.304
  109.865,-1290.892,  906.372
  466.920,-1757.812, 1071.166
  164.794,-2142.335, 1263.427
  137.329,-2087.402, 1016.237
  219.726,-1043.701, 1016.237
    0.000,-1620.482,  988.769
   82.397,-1812.744,  769.043
  -54.932,-1538.086, 1126.098
  439.452, -933.836, 1620.482
  521.849, -164.794, 1483.153
  109.865, -494.384, 1016.237
  -54.932, -823.975,  686.646
  -54.932,  -54.932, 1016.237
  549.317,    0.000, 1455.689
  357.055,  137.329, 1510.621
 -302.123, -384.523, 1126.098
  274.658, -439.452,  686.646
  631.714, -164.794, 1345.824
 1071.166, -823.975, 1400.756
  274.658, -878.908, 1181.030
    0.000, -604.249, 1043.701
  659.178, -961.304, 1126.098
  329.591,-1263.427, 1455.689
  329.591,-1318.360, 1043.701
   27.464,-1620.482,  933.836
  164.794,-1483.153,  878.908
  714.110,-1181.030, 1126.098
  988.769, -384.523, 1153.566
  631.714, -466.920,  659.178
  137.329, -823.975,  823.975
  549.317,-1098.634, 1098.634
  219.726,  -27.464, 1290.892
 -247.194,    0.000, 1565.550
    0.000, -769.043, 1290.892
  302.123,-1675.415, 1263.427
  439.452,-1373.292, 1208.495
   82.397, -219.726, 1702.879
  192.262,-1290.892, 1428.221
  357.055,-2279.664, 1098.634
  411.988,-1016.237, 1290.892
 -686.646,-1593.018,  851.440
 -988.769,-1153.566,  988.769
  494.384,-2032.470, 1071.166
 1208.495,-2032.470, 1483.153
  411.988,-1345.824,  878.908
 -549.317, -961.304,  659.178
  109.865,-1181.030, 1043.701
  961.304,-1016.237, 1208.495
  302.123,-1153.566, 1785.280
 -137.329, -988.769, 1071.166
 -686.646, -714.110, 1181.030
 -549.317, -549.317, 1290.892
  576.781, -659.178, 1345.824
  659.178,-1153.566, 1318.360
    0.000,-1071.166, 1126.098
  109.865, -714.110,  933.836
  466.920, -549.317, 1153.566
  164.794, -933.836, 1428.221
  521.849,-1153.566, 1153.566
 -302.123, -796.507, 1071.166
    0.000, -686.646, 1126.098
  604.249, -604.249,  961.304
  384.523, -659.178, 1181.030
 -164.794,-1016.237,  988.769
 -439.452, -878.908,  933.836
 -192.262, -631.714, 1538.086
  357.055, -549.317, 1400.756
  494.384, -631.714, 1263.427
 -192.262, -823.975,  796.507
   82.397, -659.178, 1016.237
  549.317, -576.781, 1235.963
  439.452, -741.578, 1181.030
 -329.591,-1208.495,  604.249
 -137.329, -823.975,  411.988
  219.726, -631.714, 1318.360
  769.043, -714.110, 1318.360
   82.397, -769.043, 1208.495
   27.464, -494.384,  906.372
  466.920, -247.194, 1043.701
  714.110, -329.591, 1208.495
  631.714, -439.452, 1208.495
  219.726, -494.384,  933.836
 -247.194, -109.865,  933.836
  494.384,  137.329, 1428.221
  549.317,    0.000, 1757.812
  302.123, -109.865, 1016.237
  -82.397, -302.123,  961.304
 -219.726, -659.178,  604.249
 -109.865, -631.714, 1043.701
  329.591,  -27.464, 1538.086
  192.262, -247.194, 1126.098
  137.329,-1345.824,  906.372
  411.988,-1840.208,  961.304
  137.329,-1071.166, 1235.963
  302.123,-1181.030, 1318.360
 -247.194,-1620.482, 1318.360
  274.658,-2334.593,  961.304
  494.384,-2252.196, 1263.427
  357.055,-1565.550, 1126.098
  329.591,-1702.879, 1208.495
  192.262,-1895.141,  988.769
   54.932,-1181.030, 1208.495
  549.317,-1126.098, 1455.689
    0.000,-1510.621, 1318.360
 -109.865,-1428.221,  961.304
  247.194,-1126.098, 1373.292
  247.194, -796.507, 1483.153
  192.262, -961.304, 1345.824
 -137.329,-1400.756,  851.440
 -357.055,-1318.360,  823.975
  -27.464, -988.769, 1290.892
  164.794, -988.769, 1290.892
  -82.397, -961.304, 1043.701
 -274.658, -659.178,  549.317
  -82.397, -659.178,  878.908
  384.523, -549.317,  933.836
  274.658, -466.920, 1263.427
   54.932,   54.932, 1153.566
  -82.397,  329.591, 1290.892
  851.440,  411.988, 1483.153
  659.178,  219.726, 1565.550
  439.452,    0.000, 1593.018
  521.849, -329.591, 1455.689
  796.507,-1895.141, 1757.812
  741.578,-3048.707, 1840.208
  906.372,-3570.556, 1455.689
  878.908,-4751.586, 1318.360
  988.769,-5712.890, 1098.634
  906.372,-6701.659, 1043.701
  631.714,-7003.782,  961.304
  631.714,-6674.191,  219.726
  988.769,-5905.148,  357.055
 1126.098,-3598.020,  521.849
  466.920,-1235.963,  439.452
  192.262,  466.920,  604.249
 -714.110, 2005.006, 1043.701
 -961.304, 3735.349, 1181.030
-1043.701, 5520.629, 1235.963
-1373.292, 7278.440, 1675.415
-1016.237, 7223.508, 1318.360
 -769.043, 6756.592, 1510.621
 -466.920, 6454.465, 1290.892
 -494.384, 5548.093, 1181.030
   82.397, 3955.079, 1071.166
  192.262, 1318.360,  988.769
    0.000, -988.769, 1071.166
  -82.397,-2581.787, 1071.166
  659.178,-4394.531,  906.372
  933.836,-6372.068,  796.507
  521.849,-8239.745,  714.110
  521.849,-8404.538,  796.507
 1043.701,-8020.019,  878.908
 1153.566,-7305.908, 1318.360
 1126.098,-6454.465,  906.372
  357.055,-5383.300,  796.507
  521.849,-3625.488, 1043.701
  329.591,-1098.634, 1455.689
  302.123, 1208.495, 1510.621
 -137.329, 2362.061, 1126.098
 -274.658, 3240.965, 1071.166
  302.123, 4174.805, 1098.634
  164.794, 5438.232, 1455.689
    0.000, 6207.275, 1208.495
 -274.658, 5108.641, 1263.427
 -164.794, 3845.214, 1647.950
  192.262, 2389.525, 1950.073
 -384.523, 1153.566, 1620.482
-2224.732,  -27.464,  219.726
-1840.208,-1263.427,  109.865
  659.178,-2774.048,  796.507
 2114.867,-4861.451, 1483.153
  851.440,-5685.422,  823.975
 -329.591,-6207.275,    0.000
   82.397,-6015.013,  439.452
 1565.550,-6179.807, 1235.963
 1098.634,-5657.958, 1538.086
 -247.194,-5383.300,  796.507
 -247.194,-4806.518,  439.452
  631.714,-2938.842, 1098.634
 1016.237, -549.317, 1565.550
  466.920, 1208.495, 1181.030
 -164.794, 1373.292,  988.769
 -137.329, 1730.347,  961.304
  302.123, 2307.128, 1263.427
 -274.658, 3543.091, 1455.689
 -329.591, 3790.282, 1208.495
 -631.714, 3103.636,  686.646
 -439.452, 2087.402, 1071.166
 -302.123, 1263.427, 1400.756
  164.794,  411.988, 1483.153
 -494.384, -769.043,  961.304
 -247.194,-1950.073,  906.372
  -54.932,-2828.977, 1345.824
   82.397,-3378.294, 1318.360
  219.726,-4174.805, 1016.237
  631.714,-3845.214, 1098.634
  961.304,-3982.543, 1400.756
 -137.329,-2938.842,  631.714
 -823.975,-2554.322,  302.123
 -329.591,-2444.458,  823.975
  796.507,-3598.020, 1785.280
 2032.470,-2197.264, 2416.993
 -329.591,-1483.153,  988.769
-1812.744,-1263.427, -109.865
 1098.634,  164.794, 1235.963
 3048.707, 1016.237, 2444.458
 1400.756,  686.646, 1538.086
-1428.221,  494.384,  137.329
-1016.237, 1098.634,  549.317
  302.123, 1455.689, 1510.621
  494.384, 2307.128, 1922.609
-2526.854, 1235.963,  192.262
-4202.269, -631.714,   27.464
-1950.073,-1181.030, 2005.006
  -54.932,-2993.774, 3158.568
 -164.794,-4641.721, 1812.744
  549.317,-4504.392,  384.523
 3625.488,-2142.335, 1071.166
 7086.179, 1071.166, 1181.030
 5438.232, 2691.652,   54.932
 1483.153, 4257.202,-1318.360
 -109.865, 5822.752,   54.932
  274.658, 7772.825, 2746.580
 -769.043, 7772.825, 3460.694
-2279.664, 6976.318, 2114.867
-2197.264, 6372.068,  961.304
  549.317, 4586.792, 1373.292
 4010.008, 3570.556, 1538.086
 1757.812,  109.865,  686.646
-1538.086,-2636.719, -109.865
 -604.249,-6207.275,  878.908
  494.384,-8404.538, 2993.774
 -357.055,-10052.489, 2993.774
-1318.360,-10794.064, 1263.427
  796.507,-9613.037,  357.055
 1483.153,-5328.367, -274.658
   27.464,-3735.349,-1071.166
 -466.920,-3488.159,  439.452
 -521.849,-3762.817, 2252.196
 -906.372,-2471.922, 2416.993
-1345.824, 1455.689, 2499.390
 -384.523, 5548.093, 2224.732
 1181.030, 8596.800, 1950.073
 1922.609, 9118.649, 1702.879
 1840.208, 9255.978, 1153.566
 1950.073, 9255.978,  411.988
 2746.580,10162.350,  604.249
 3570.556, 9970.092, 1043.701
 4641.721, 7910.154, 1235.963
 4394.531, 6317.136, 1455.689
 3240.965, 4037.476, 1290.892
 2774.048, 2087.402, 1290.892
 2362.061,  357.055, 1428.221
 2664.184,-1895.141, 1510.621
 3131.104,-3076.171, 1126.098
 3570.556,-2664.184,  659.178
 3433.226,-2059.934,  714.110
 3405.762,-1922.609, 1126.098
 1785.280,-1235.963,  988.769
  247.194,-1922.609,  494.384
  714.110,-1318.360, 1290.892
 2059.934, 1345.824, 2032.470
  604.249, 4174.805,  631.714
-1345.824, 4312.134, -411.988
  686.646, 3378.294,  933.836
 1840.208, 1538.086, 2252.196
 1867.676, 3625.488, 1757.812
 2169.799, 2499.390,  686.646
 3048.707, 2801.513,  137.329
 1126.098, 3652.952,  521.849
-1593.018, 2307.128,  878.908
-3790.282, -219.726, 1757.812
-4312.134,-4641.721, 2169.799
-3131.104,-8157.348, 1922.609
 -192.262,-8761.594, 2636.719
 4751.586,-8624.264, 2032.470
 6564.330,-9201.049, -109.865
 6262.207,-7003.782,-1510.621
 7141.111,-3955.079, -769.043
 5795.287,   54.932,  329.591
 3872.678, 1922.609,  741.578
 1263.427, 5410.764, 1428.221
  796.507, 9942.624, 2114.867
 -192.262,13677.977, 2252.196
 -549.317,15765.379, 2087.402
  906.372,15737.911, 2554.322
  604.249,14639.278, 2087.402
-2197.264,12799.069, 1153.566
-4421.995, 8651.732, 1345.824
-2279.664, 3131.104, 3240.965
 1510.621,-1895.141, 3872.678
 4339.598,-5850.220, 2444.458
 4641.721,-7141.111, -384.523
 6454.465,-7525.634,-2005.006
 9503.172,-5850.220,-1593.018
 6619.262,-5026.244,-1950.073
 1675.415,-4833.983,-1867.676
  439.452,-4394.531, -164.794
 2774.048,-2059.934, 3213.500
 3240.965, 2664.184, 3460.694
-21313.472,24087.521,-6124.878
-57705.678,-5493.164,-9063.720
-49877.921,-24884.028,16342.160
-23318.478,-41720.573,34854.120
-40841.665,-51223.745,15298.459
-52130.117,-33865.348,-12139.891
-6427.001,-36529.535,-13952.635
46774.282,-53173.818, -192.262
59408.557,-58694.447,-3433.226
31695.548,-46856.678,-21505.734
 5081.177,-19885.248,-26724.236
 2252.196, 8294.677,-10052.489
 4888.915,14529.416, 7305.908
-2032.470,16012.570,12551.879
-10382.080,25515.742, 6838.988
-5026.244,48010.244, 4229.737
17825.314,68637.071, 8871.458
31228.632,67153.918, 9063.720
21066.278,59051.502,  961.304
 7965.086,55535.879,-3543.091
 4421.995,53256.215,  796.507
 2691.652,41638.176, 8047.483
-4531.860,20324.704, 9970.092
-13238.521,-5657.958, 5905.148
-13458.251,-23291.010, 2389.525
-2581.787,-34332.268, 1428.221
 7635.496,-45648.184,-1016.237
 5685.422,-59985.338,-8734.129
  604.249,-70037.827,-14089.964
 -192.262,-70724.473,-9887.692
  247.194,-64627.063, -247.194
-6976.318,-57815.539, 5520.629
-21725.460,-48587.026, 5328.367
-28729.242,-36886.590, 4312.134
-22604.364,-19775.387, 7058.714
-11260.984,  384.523, 7992.551
-3790.282,19335.935, 2966.306
 1126.098,34194.938,-3735.349
 8486.935,44769.276,-5932.616
15106.198,52899.160,-3707.885
14474.484,58474.721, -741.578
 6976.318,59024.034, 1126.098
 -219.726,53421.008, 3350.830
-2801.513,43890.372, 6481.933
-1675.415,31585.687, 8953.855
 -466.920,17687.984, 7525.634
 1235.963, 3350.830, 3598.020
 5465.696,-10876.464, 1016.237
10464.476,-24114.985,   54.932
11645.507,-36337.273, -988.769
 7800.293,-47048.940,-1840.208
 2691.652,-53393.544,-2499.390
 -494.384,-54849.233,-1538.086
-2774.048,-50894.154, -274.658
-4064.940,-44659.415,  -54.932
-4641.721,-35321.036,-1208.495
-4119.872,-22851.558,-1620.482
-2554.322,-9008.788,-1345.824
-2032.470, 5245.970, -219.726
-3900.146,17770.381, 1098.634
-6399.536,28811.639, 2499.390
-7882.690,37023.919, 4284.666
-8239.745,41830.434, 5822.752
-7168.579,44329.824, 5520.629
-5273.435,43121.329, 4312.134
-1318.360,38809.195, 2746.580
 3158.568,31365.961, 1455.689
 7305.908,21697.992, -137.329
 9255.978,10684.202, -988.769
 9365.843,-1593.018,-1235.963
 8047.483,-14089.964, -549.317
 5795.287,-24856.564,  576.781
 3048.707,-32739.250, 1345.824
 1016.237,-37628.165, 2087.402
  604.249,-40402.213, 1840.208
  631.714,-41033.927, 1593.018
  878.908,-37765.494,  933.836
  823.975,-31475.822,  329.591
  878.908,-23126.216, -411.988
  439.452,-13430.783, -384.523
 -384.523,-3405.762, -494.384
-1730.347, 7031.250, -109.865
-3186.036,15820.308,  659.178
-4559.324,24142.450, 1181.030
-4971.312,30157.463, 1840.208
-4998.780,33865.348, 2636.719
-4861.451,33947.748, 2911.378
-3433.226,31448.358, 2444.458
-2471.922,26916.498, 1895.141
 -851.440,20874.020, 1977.538
  439.452,13458.251, 2059.934
  741.578, 4174.805, 2169.799
  714.110,-5520.629, 1620.482
 1620.482,-14694.210, 1126.098
 2719.116,-22000.118,  796.507
 4174.805,-27603.144,   54.932
 5163.574,-31311.029, -494.384
 5712.890,-32135.004, -906.372
 5493.164,-31063.835,-1235.963
 4998.780,-27136.224, -192.262
 3295.897,-22384.638,  439.452
  988.769,-15325.924, 1071.166
-1647.950,-7443.234, 1565.550
-2938.842,  631.714, 2416.993
-3515.623, 8322.142, 2499.390
-3268.433,15188.594, 2334.593
-2719.116,20736.691, 1620.482
-2087.402,24526.973, 1483.153
-1675.415,26119.991, 1290.892
-1593.018,25762.936, 1016.237
-1840.208,23400.875,  961.304
-2334.593,18841.550, 1400.756
-2389.525,12716.672, 1675.415
-2416.993, 6015.013, 1757.812
-1400.756,-1345.824, 1593.018
 -823.975,-8157.348, 1373.292
 1016.237,-14254.758,  631.714
 1950.073,-19198.606,  796.507
 2444.458,-22714.229,  494.384
 3186.036,-25433.345,  274.658
 3543.091,-26174.920,  219.726
 2883.910,-23867.791,  384.523
 2581.787,-19528.193,  549.317
 2581.787,-14611.813, 1098.634
 2719.116,-9365.843,  933.836
 2169.799,-2911.378,  769.043
 1428.221, 4119.872,  878.908
  851.440,10437.008, 1318.360
  -54.932,15270.991, 1867.676
 -796.507,18704.221, 2087.402
-2554.322,20956.417, 2087.402
-2828.977,21807.857, 2114.867
-2993.774,20599.362, 2609.251
-2993.774,17633.052, 2059.934
-2252.196,13375.850, 1812.744
-1950.073, 7992.551, 1208.495
 -714.110, 2279.664,  521.849
  -82.397,-3680.420,  164.794
  411.988,-8953.855,  109.865
  659.178,-13732.906,  439.452
  604.249,-17550.655,  466.920
  659.178,-19857.784,  659.178
  851.440,-20764.156,  631.714
 1263.427,-20324.704,  796.507
 1895.141,-18182.369,  961.304
 1922.609,-14337.155,  988.769
 2224.732,-9475.708, 1290.892
 2636.719,-4641.721,  988.769
 2197.264,  274.658, 1483.153
 1565.550, 5877.684, 1373.292
 1318.360,10327.147, 1290.892
  466.920,13870.235, 1950.073
   54.932,16177.363, 1895.141
 -329.591,17413.326, 1785.280
 -714.110,17385.862, 1675.415
-1153.566,15820.308, 1373.292
 -988.769,12963.863, 1345.824
-1098.634, 8898.923, 1373.292
-1565.550, 4202.269, 1318.360
-1538.086, -549.317, 1263.427
-1345.824,-5520.629, 1126.098
-1098.634,-9805.295,  988.769
 -659.178,-13375.850,  576.781
 -109.865,-15902.708,  137.329
  659.178,-16534.422,  329.591
 1071.166,-16946.406,  192.262
 1620.482,-15628.050,  631.714
 1950.073,-13458.251,  137.329
 1373.292,-10052.489,  961.304
 1647.950,-5877.684, 1290.892
 1593.018,-1895.141, 1538.086
 1263.427, 2581.787, 1428.221
 1043.701, 6838.988, 1455.689
 1098.634, 9640.501, 1455.689
  769.043,11672.971, 1757.812
  494.384,13101.192, 1922.609
  164.794,14089.964, 1565.550
 -109.865,12963.863, 1840.208
 -302.123,10244.750, 1510.621
 -796.507, 7278.440, 1263.427
 -741.578, 4339.598,  961.304
 -549.317,  686.646,  906.372
 -686.646,-2993.774, 1043.701
 -631.714,-6866.453,  659.178
 -988.769,-9503.172,  796.507
 -604.249,-11727.904,  659.178
 -466.920,-13320.922,  988.769
 -384.523,-13732.906,  549.317
 -439.452,-12771.605,  961.304
  357.055,-11315.916,  851.440
  686.646,-9420.775,  961.304
  961.304,-6701.659,  988.769
 1043.701,-3048.707, 1043.701
 1263.427,  906.372, 1071.166
 1373.292, 3543.091, 1510.621
 1235.963, 6344.604, 1483.153
  878.908, 8239.745, 1538.086
  549.317, 9695.434, 1620.482
  686.646, 9942.624, 1867.676
  714.110,10025.021, 1730.347
  192.262, 8843.994, 1510.621
  -82.397, 6674.191, 1235.963
 -247.194, 3735.349, 1400.756
 -192.262, 1098.634, 1098.634
 -769.043,-1428.221, 1181.030
 -494.384,-4339.598,  823.975
 -769.043,-7250.976,  961.304
 -659.178,-9530.636,  576.781
 -769.043,-10574.338,  769.043
 -411.988,-10986.325,  357.055
 -302.123,-10986.325,  549.317
 -137.329,-9805.295,  741.578
 -109.865,-8129.880,  686.646
  439.452,-6234.739, 1043.701
  -27.464,-3872.678, 1181.030
  109.865,-1098.634, 1428.221
  549.317, 2389.525, 1235.963
  439.452, 4751.586, 1510.621
  906.372, 6454.465, 1895.141
  384.523, 7580.563, 1071.166
  109.865, 8541.868,  576.781
 1071.166, 8871.458, 1895.141
 1318.360, 7855.222, 1922.609
  878.908, 6152.342, 1593.018
  219.726, 3680.420,  769.043
    0.000, 1263.427,  988.769
  274.658,-1785.280,  961.304
  137.329,-3790.282, 1126.098
 -384.523,-6015.013,  878.908
 -549.317,-8377.074,  823.975
 -439.452,-9310.910,  631.714
  549.317,-9722.898, 1263.427
  329.591,-8953.855,  988.769
 -604.249,-7882.690,  631.714
 -741.578,-6564.330,  796.507
  -54.932,-4257.202, 1126.098
  604.249,-1730.347, 1235.963
 -247.194,  823.975, 1263.427
 -219.726, 3048.707, 1071.166
  329.591, 5053.709, 1373.292
  851.440, 6948.850, 1181.030
  878.908, 7910.154, 1620.482
  494.384, 8129.880, 1510.621
  549.317, 7443.234, 1455.689
  302.123, 6838.988, 1565.550
  631.714, 5355.835, 1812.744
  439.452, 3103.636, 1565.550
  302.123,  576.781, 1345.824
  466.920,-1428.221, 1126.098
  494.384,-3488.159, 1071.166
  631.714,-5383.300, 1016.237
  411.988,-7278.440,  961.304
 -137.329,-8377.074,  796.507
    0.000,-8294.677,  659.178
  -27.464,-7580.563, 1318.360
   27.464,-6729.124, 1098.634
 -631.714,-5300.903, 1181.030
-1153.566,-4229.737,  714.110
-1126.098,-2499.390,  906.372
 -494.384, -659.178,  961.304
 -823.975, 1400.756, 1290.892
 -576.781, 2911.378, 1565.550
  -27.464, 3900.146, 1428.221
  494.384, 4229.737, 1620.482
  604.249, 4833.983, 1455.689
  302.123, 5108.641, 1235.963
  329.591, 4586.792,  961.304
  164.794, 3158.568, 1208.495
 -247.194, 1757.812, 1235.963
  384.523, -164.794, 1428.221
  109.865,-1950.073, 1757.812
  576.781,-3790.282, 1098.634
  878.908,-5136.106, 1098.634
  686.646,-6124.878,  961.304
  796.507,-7305.908,  659.178
  384.523,-8020.019,  659.178
  109.865,-8157.348,  714.110
 -521.849,-6976.318,  659.178
 -274.658,-5822.752,  878.908
 -109.865,-4724.122, 1235.963
 -164.794,-3845.214, 1153.566
 -466.920,-2059.934, 1153.566
 -439.452,  -27.464, 1290.892
  164.794, 1620.482, 1181.030
    0.000, 3240.965, 1153.566
  137.329, 4010.008, 1098.634
  137.329, 4669.189, 1290.892
  247.194, 5822.752, 1345.824
  219.726, 5657.958, 1620.482
  164.794, 4861.451, 1647.950
  466.920, 3598.020, 1098.634
  466.920, 2389.525, 1345.824
  494.384, 1757.812, 1345.824
  549.317,  329.591, 1263.427
 1126.098,-1483.153,  933.836
  686.646,-3515.623,  961.304
  192.262,-4779.050,  769.043
  384.523,-5465.696, 1098.634
  357.055,-5987.549, 1318.360
   27.464,-7278.440,  878.908
  247.194,-7250.976,  823.975
 -219.726,-6344.604,  961.304
  411.988,-5053.709, 1043.701
  604.249,-3790.282, 1126.098
  769.043,-2471.922,  906.372
  302.123, -659.178,  549.317
  329.591, 1455.689, 1263.427
 -164.794, 2938.842, 1510.621
 -659.178, 3543.091, 1702.879
 -659.178, 4037.476, 1647.950
 -439.452, 4504.392, 1373.292
 -109.865, 4669.189, 1455.689
  576.781, 4010.008, 1208.495
  686.646, 3021.239,  796.507
  329.591, 1428.221, 1043.701
  851.440,  192.262,  961.304
  796.507,-1208.495, 1016.237
  466.920,-2911.378, 1263.427
  247.194,-4394.531, 1208.495
  192.262,-5245.970, 1290.892
  576.781,-5877.684,  933.836
  659.178,-5575.561,  988.769
  906.372,-5383.300,  961.304
  796.507,-5355.835,  769.043
  302.123,-4394.531,  851.440
  164.794,-2801.513,  906.372
  -27.464,-1400.756, 1263.427
 -329.591,   27.464, 1455.689
 -329.591,  714.110, 1153.566
 -576.781, 1510.621, 1016.237
 -247.194, 2416.993,  878.908
   82.397, 3240.965, 1126.098
  -82.397, 2938.842, 1373.292
  192.262, 2279.664, 1263.427
  192.262, 1565.550,  878.908
  219.726,  961.304, 1043.701
  466.920,  247.194, 1290.892
  -54.932, -631.714, 1565.550
 -302.123,-1208.495, 1043.701
 -247.194,-2307.128, 1208.495
  769.043,-3158.568, 1098.634
  906.372,-3735.349,  796.507
  796.507,-3927.611, 1043.701
  302.123,-3900.146, 1043.701
  549.317,-3680.420, 1126.098
  631.714,-3598.020,  988.769
  329.591,-2883.910, 1126.098
 -137.329,-2114.867, 1153.566
  -27.464,-1126.098, 1318.360
  137.329, -439.452, 1181.030
  164.794,  219.726, 1263.427
    0.000, 1098.634, 1318.360
  -27.464, 1016.237,  988.769
 -109.865, 1153.566, 1428.221
  109.865, 1071.166, 1345.824
 -494.384, 1538.086, 1290.892
 -192.262, 1428.221, 1290.892
 -274.658,  521.849, 1290.892
  109.865, -796.507, 1181.030
  466.920, -961.304,  823.975
  274.658, -988.769, 1126.098
   27.464,-1757.812, 1153.566
  192.262,-2252.196, 1043.701
 -164.794,-2746.580, 1016.237
  439.452,-2883.910, 1126.098
  411.988,-3076.171, 1043.701
  466.920,-2801.513, 1098.634
  164.794,-2197.264,  988.769
  384.523,-1730.347, 1208.495
  659.178,-1620.482, 1126.098
  466.920,-1016.237, 1016.237
  192.262, -659.178, 1345.824
   27.464,  -54.932, 1043.701
  274.658,  659.178, 1318.360
  164.794, 1043.701, 1153.566
 -109.865, 1153.566, 1043.701
  -54.932,  988.769, 1098.634
  247.194,  521.849, 1016.237
  302.123,  164.794,  878.908
    0.000,  329.591, 1126.098
 -109.865,  109.865, 1126.098
   82.397, -631.714, 1290.892
  164.794,-1455.689, 1235.963
  164.794,-2197.264, 1071.166
  329.591,-1977.538,  851.440
   82.397,-2224.732, 1263.427
  521.849,-2471.922, 1510.621
  604.249,-2224.732, 1098.634
  219.726,-2526.854, 1208.495
  549.317,-2169.799, 1290.892
  659.178,-2059.934, 1181.030
  302.123,-1538.086, 1208.495
  329.591, -878.908, 1153.566
  219.726, -576.781, 1016.237
  219.726, -357.055, 1208.495
  219.726,  -54.932, 1098.634
  137.329,  466.920, 1181.030
  164.794,  796.507, 1098.634
  137.329,  466.920, 1345.824
  384.523,  329.591, 1071.166
  -27.464,  439.452, 1016.237
  137.329,   82.397,  961.304
  384.523, -521.849, 1126.098
   27.464, -796.507,  823.975
    0.000,-1098.634, 1290.892
  247.194,-1675.415,  933.836
  137.329,-2444.458, 1016.237
  302.123,-2416.993,  851.440
  109.865,-1922.609,  961.304
  329.591,-1867.676, 1126.098
  494.384,-2197.264, 1181.030
  109.865,-2252.196, 1153.566
 -164.794,-1867.676, 1071.166
  164.794, -988.769, 1455.689
  521.849, -769.043, 1290.892
  164.794, -878.908, 1208.495
  247.194, -302.123,  796.507
  411.988,  302.123, 1290.892
  274.658,  329.591, 1428.221
  137.329,   27.464, 1318.360
  164.794,  219.726,  933.836
   82.397,  466.920, 1016.237
  302.123,  109.865, 1428.221
  219.726, -247.194, 1208.495
  -27.464, -769.043,  906.372
 -274.658, -796.507, 1126.098
  219.726, -906.372, 1208.495
  274.658, -933.836, 1290.892
    0.000,-1867.676, 1153.566
 -164.794,-1950.073,  961.304
  439.452,-2087.402, 1126.098
  247.194,-1593.018, 1235.963
  109.865,-1867.676, 1071.166
  164.794,-2005.006, 1043.701
  192.262,-1675.415, 1016.237
  411.988,-1510.621, 1126.098
  137.329, -686.646, 1153.566
   82.397,-1263.427, 1016.237
  -54.932, -769.043, 1181.030
  411.988, -439.452,  878.908
  631.714,   82.397, 1181.030
  576.781,  274.658, 1126.098
  274.658, -164.794, 1153.566
  247.194, -192.262, 1290.892
  302.123,  -82.397, 1400.756
  137.329,  329.591, 1263.427
  -54.932, -109.865, 1098.634
  604.249, -823.975, 1071.166
  137.329,-1263.427, 1208.495
  247.194,-1483.153,  988.769
  384.523,-1263.427,  878.908
 -109.865,-1620.482, 1290.892
   82.397,-1950.073, 1290.892
  219.726,-2444.458, 1016.237
  192.262,-2032.470,  823.975
 -247.194,-1345.824, 1126.098
  302.123,-1565.550, 1126.098
   54.932,-1455.689, 1043.701
  302.123,-1318.360, 1043.701
   82.397, -384.523, 1126.098
  357.055, -576.781, 1208.495
  411.988, -659.178, 1235.963
  -27.464, -494.384, 1126.098
  192.262,  -27.464, 1345.824
    0.000,  659.178, 1235.963
  521.849, -109.865, 1263.427
  302.123, -494.384, 1071.166
  219.726, -192.262,  961.304
   54.932,  -82.397, 1071.166
  604.249, -686.646,  933.836
  466.920,-1153.566, 1290.892
  137.329,-1483.153, 1098.634
  -27.464,-1318.360, 1098.634
  302.123,-1483.153, 1153.566
  576.781,-1812.744, 1126.098
   82.397,-1867.676, 1208.495
  -54.932,-1675.415,  796.507
   27.464,-1702.879, 1235.963
  329.591,-1290.892, 1098.634
  192.262,-1071.166, 1071.166
  137.329,-1263.427, 1016.237
  109.865,-1071.166,  961.304
  247.194, -851.440,  961.304
 -164.794, -164.794, 1181.030
  164.794, -384.523, 1043.701
  109.865, -659.178, 1043.701
  274.658, -247.194, 1181.030
  109.865, -164.794, 1428.221
   27.464, -109.865, 1318.360
  439.452, -686.646, 1043.701
  -27.464, -659.178,  961.304
  -82.397, -933.836,  906.372
   54.932,-1290.892, 1263.427
    0.000,-1455.689, 1153.566
  109.865,-1977.538,  823.975
    0.000,-1950.073,  878.908
  -82.397,-1785.280, 1263.427
  302.123,-2169.799, 1400.756
   82.397,-2279.664, 1126.098
 -109.865,-2252.196, 1043.701
 -302.123,-1785.280, 1153.566
  109.865,-1483.153, 1373.292
   54.932,-1181.030, 1208.495
 -164.794,-1400.756, 1126.098
  247.194, -659.178,  933.836
  302.123, -219.726, 1235.963
  466.920, -109.865, 1318.360
  631.714,    0.000,  933.836
  521.849,  329.591,  851.440
  -54.932,  631.714, 1400.756
  274.658,  -82.397, 1400.756
  357.055, -109.865, 1263.427
  329.591,  137.329, 1016.237
  137.329, -164.794, 1290.892
  549.317, -494.384, 1208.495
  -27.464, -988.769, 1126.098
  109.865, -988.769, 1098.634
  137.329,-1428.221, 1290.892
  109.865,-1977.538, 1208.495
  329.591,-1977.538,  961.304
  521.849,-1373.292,  988.769
  411.988,-1785.280, 1345.824
  494.384,-2362.061,  961.304
  329.591,-1730.347,  988.769
  109.865, -576.781, 1263.427
 -274.658, -714.110, 1373.292
    0.000,-1263.427, 1455.689
  137.329, -686.646, 1153.566
 -219.726,    0.000, 1153.566
  247.194,   54.932, 1455.689
  357.055, -109.865, 1345.824
    0.000,  -54.932, 1016.237
 -164.794,  137.329, 1208.495
  247.194, -329.591, 1126.098
  714.110, -796.507, 1153.566
  384.523, -439.452, 1126.098
  -82.397, -714.110,  796.507
  466.920, -961.304, 1071.166
  686.646,-1455.689, 1153.566
  302.123,-1950.073, 1098.634
  -82.397,-2032.470,  796.507
  576.781,-1483.153,  796.507
  329.591,-1730.347, 1318.360
  329.591,-1785.280, 1016.237
 -274.658,-1812.744,  961.304
 -109.865,-1647.950, 1153.566
   82.397,-1235.963, 1098.634
  137.329,-1098.634,  988.769
 -274.658, -494.384, 1098.634
  329.591, -549.317, 1208.495
  769.043, -549.317, 1126.098
  878.908, -604.249, 1043.701
  -54.932, -274.658,  933.836
   27.464, -329.591, 1098.634
  247.194, -247.194, 1263.427
 -109.865, -192.262, 1400.756
 -164.794, -631.714, 1126.098
 -494.384, -466.920,  988.769
  137.329, -466.920, 1263.427
  714.110, -769.043, 1043.701
  329.591,-1290.892, 1208.495
  247.194,-1208.495,  714.110
  219.726, -933.836, 1126.098
  411.988, -878.908, 1345.824
  411.988,-1235.963, 1263.427
   82.397,-1538.086, 1098.634
 -302.123,-1318.360, 1098.634
  137.329, -933.836,  988.769
  164.794,-1016.237, 1290.892
  494.384, -906.372,  769.043
 -329.591, -714.110, 1016.237
  247.194, -329.591, 1181.030
  714.110, -466.920, 1153.566
  466.920, -329.591, 1318.360
  137.329, -631.714,  961.304
 -137.329, -549.317, 1043.701
  219.726, -466.920, 1345.824
  137.329, -494.384, 1400.756
 -274.658, -823.975,  823.975
 -137.329,-1181.030, 1043.701
  494.384,-1263.427,  823.975
  466.920,-1016.237, 1153.566
  466.920, -631.714, 1071.166
 -164.794, -796.507, 1043.701
  -54.932,-1181.030,  933.836
    0.000,-1071.166, 1290.892
  109.865, -796.507, 1318.360
   82.397, -851.440, 1043.701
   82.397,-1016.237, 1290.892
   27.464, -549.317, 1290.892
  329.591, -274.658, 1098.634
  109.865, -494.384, 1208.495
  247.194,-1126.098,  796.507
 -274.658, -961.304, 1071.166
   27.464, -494.384, 1208.495
  219.726, -302.123, 1428.221
  -27.464, -823.975, 1181.030
   27.464,-1620.482,  988.769
  192.262,-1345.824, 1153.566
  329.591,-1290.892, 1153.566
 -109.865, -796.507, 1181.030
  274.658, -988.769, 1016.237
  302.123,-1428.221, 1153.566
  109.865,-1510.621, 1290.892
   54.932,-1400.756, 1043.701
  -82.397,-1181.030,  906.372
 -192.262, -686.646, 1071.166
  329.591, -686.646, 1455.689
  329.591, -714.110, 1235.963
    0.000,-1263.427, 1290.892
  219.726,-1043.701,  851.440
  466.920, -219.726,  906.372
  357.055, -109.865, 1510.621
  439.452, -521.849, 1181.030
    0.000, -659.178,  988.769
  109.865, -741.578,  933.836
  109.865,-1043.701, 1071.166
 -192.262,-1016.237, 1428.221
  109.865, -988.769, 1181.030
  192.262, -659.178, 1235.963
  604.249,-1208.495,  961.304
  494.384,-1345.824, 1208.495
  -82.397,-1016.237,  961.304
   82.397, -686.646, 1208.495
  466.920, -741.578, 1455.689
  164.794,-1263.427, 1318.360
 -439.452, -796.507, 1043.701
   27.464, -604.249, 1126.098
   82.397, -906.372, 1235.963
  604.249, -906.372, 1290.892
  109.865, -823.975, 1098.634
 -137.329, -274.658,  823.975
  109.865, -769.043, 1290.892
  302.123,-1098.634, 1290.892
  274.658,-1428.221, 1071.166
  164.794,-1016.237, 1043.701
  604.249, -961.304,  988.769
  274.658,-1208.495, 1098.634
  466.920,-1428.221, 1071.166
    0.000,-1153.566, 1153.566
  109.865, -659.178, 1153.566
  466.920, -741.578, 1318.360
   54.932, -988.769, 1126.098
 -466.920, -878.908,  906.372
 -137.329, -851.440, 1098.634
  192.262, -714.110,  961.304
  384.523, -906.372, 1043.701
  494.384, -933.836, 1016.237
  219.726, -988.769, 1043.701
  164.794, -851.440, 1181.030
    0.000, -988.769, 1455.689
   82.397,-1290.892, 1071.166
  302.123, -988.769, 1071.166
  357.055, -933.836, 1126.098
  137.329,-1016.237, 1153.566
  219.726,-1318.360, 1098.634
  302.123,-1208.495, 1153.566
  192.262, -769.043, 1263.427
  274.658, -631.714, 1235.963
  109.865, -878.908, 1181.030
 -164.794, -823.975, 1016.237
 -247.194, -796.507, 1181.030
  302.123, -769.043, 1290.892
  -54.932, -933.836,  961.304
  219.726,-1593.018,  878.908
    0.000,-1043.701,  796.507
  109.865,-1181.030, 1290.892
  466.920,-1290.892, 1235.963
  109.865,-1950.073, 1181.030
 -247.194,-1867.676, 1043.701
  109.865,-1318.360, 1098.634
  -27.464,-1126.098, 1263.427
  466.920, -988.769, 1428.221
  -82.397,-1043.701,  851.440
   54.932,-1126.098,  823.975
  384.523, -823.975, 1016.237
  439.452, -411.988, 1318.360
  219.726, -164.794, 1098.634
   82.397, -521.849, 1016.237
  247.194, -439.452, 1126.098
  302.123, -357.055, 1263.427
  219.726, -466.920, 1126.098
  -54.932, -933.836, 1290.892
  164.794, -714.110, 1126.098
  -27.464, -494.384, 1153.566
  192.262, -796.507, 1290.892
   27.464,-1373.292, 1208.495
  109.865,-1757.812, 1016.237
  247.194,-1263.427, 1208.495
  494.384, -988.769, 1483.153
  329.591,-1208.495, 1208.495
   54.932,-1593.018,  796.507
  192.262,-1290.892,  714.110
  357.055,-1016.237, 1126.098
  604.249, -823.975, 1153.566
  357.055, -659.178, 1208.495
  357.055, -494.384, 1071.166
   82.397, -357.055, 1071.166
  549.317, -164.794, 1126.098
   82.397, -164.794, 1181.030
  384.523, -274.658,  878.908
 -137.329,  -27.464, 1290.892
  192.262, -604.249,  988.769
 -164.794, -466.920, 1208.495
  -54.932, -466.920, 1153.566
   27.464,-1153.566,  988.769
  274.658,-1290.892, 1208.495
  302.123,-1235.963, 1153.566
  109.865,-1043.701, 1181.030
 -109.865,-1455.689,  851.440
  164.794,-1757.812,  823.975
  384.523,-1538.086, 1071.166
   82.397,-1098.634,  961.304
    0.000,-1235.963,  961.304
  384.523,-1483.153,  878.908
  -54.932,-1208.495, 1345.824
  631.714, -933.836, 1126.098
   82.397, -659.178, 1290.892
  521.849,-1263.427, 1373.292
  357.055,-1153.566,  851.440
    0.000, -714.110,  823.975
 -164.794,    0.000, 1263.427
    0.000,   54.932, 1263.427
  247.194, -411.988, 1208.495
  466.920, -714.110, 1126.098
   82.397, -796.507,  906.372
  302.123, -631.714, 1016.237
  302.123, -247.194, 1345.824
  521.849, -494.384, 1153.566
  274.658,-1208.495, 1016.237
  302.123,-1510.621, 1208.495
 -247.194,-1235.963, 1208.495
  411.988,-1290.892, 1181.030
  384.523,-1428.221, 1290.892
  -82.397,-1290.892,  933.836
  109.865,-1318.360, 1208.495
  274.658,-1483.153,  878.908
  466.920,-1620.482,  906.372
  274.658,-1126.098, 1235.963
   27.464, -604.249, 1345.824
  109.865, -823.975, 1126.098
  247.194,-1071.166, 1126.098
  -27.464, -851.440, 1208.495
 -302.123, -549.317, 1263.427
   82.397, -604.249, 1455.689
 -164.794, -878.908, 1290.892
 -631.714,-1153.566,  631.714
 -411.988,-1510.621,  823.975
  659.178,-1620.482, 1510.621
  796.507,-1730.347, 1345.824
   27.464,-2087.402,  878.908
 -164.794,-2059.934,  686.646
  302.123,-2032.470, 1208.495
  906.372,-2087.402, 1565.550
  466.920,-1785.280, 1098.634
   27.464,-1290.892,  769.043
 -494.384, -659.178,  796.507
   27.464, -411.988, 1208.495
  302.123, -439.452, 1235.963
 -466.920, -769.043,  851.440
 -521.849, -796.507,  933.836
    0.000, -274.658, 1153.566
  302.123, -411.988, 1290.892
   82.397, -823.975, 1290.892
  109.865,-1181.030,  878.908
  109.865,-1565.550,  686.646
  439.452,-1812.744,  906.372
  439.452,-1620.482, 1345.824
  466.920,-1840.208, 1263.427
  384.523,-2252.196, 1071.166
  192.262,-1977.538,  933.836
  411.988,-1812.744, 1071.166
  109.865,-1840.208, 1318.360
   27.464,-1263.427,  933.836
  -54.932,-1290.892, 1263.427
 -164.794, -659.178, 1071.166
 -302.123, -521.849, 1208.495
  109.865, -494.384,  823.975
  466.920,  137.329, 1181.030
  411.988,  466.920, 1318.360
  164.794, -109.865, 1510.621
 -192.262, -686.646, 1126.098
    0.000,-1098.634, 1126.098
  219.726, -357.055, 1016.237
  466.920, -686.646, 1153.566
  357.055,-1290.892,  988.769
  439.452,-1702.879,  878.908
  494.384,-1922.609, 1016.237
  329.591,-1345.824, 1071.166
  137.329,-1757.812,  933.836
  192.262,-1757.812, 1153.566
  219.726,-1400.756, 1098.634
  357.055,-1538.086,  933.836
  164.794,-1071.166, 1043.701
   54.932, -823.975,  961.304
  329.591, -686.646, 1235.963
  219.726, -741.578, 1043.701
  247.194, -686.646, 1290.892
    0.000, -549.317, 1071.166
  247.194,    0.000, 1290.892
  549.317,   82.397, 1208.495
  357.055, -192.262, 1126.098
  137.329, -466.920, 1098.634
 -219.726, -521.849, 1208.495
  -82.397, -823.975, 1235.963
  357.055, -823.975, 1318.360
 -329.591, -521.849, 1181.030
 -741.578, -576.781,  769.043
  357.055,-1071.166, 1043.701
  933.836,-1565.550, 1483.153
  329.591,-1702.879, 1345.824
  -54.932,-1318.360,  851.440
  -27.464,-1620.482,  933.836
  576.781,-1647.950, 1043.701
  219.726,-2142.335, 1181.030
    0.000,-2114.867,  796.507
 -137.329,-1565.550,  906.372
   82.397,-1785.280,  851.440
  357.055,-1702.879, 1263.427
    0.000,-1373.292, 1208.495
   54.932, -988.769, 1098.634
 -192.262,-1318.360,  961.304
  274.658, -961.304, 1181.030
  247.194, -933.836, 1373.292
  384.523, -439.452,  988.769
  109.865, -494.384, 1098.634
  137.329, -411.988, 1126.098
  329.591, -384.523,  988.769
  549.317,    0.000, 1235.963
  576.781, -329.591, 1181.030
  411.988,  219.726,  988.769
 -109.865,  302.123, 1098.634
 -164.794,   82.397, 1153.566
  302.123,  -27.464, 1153.566
  521.849, -604.249, 1208.495
  384.523, -659.178, 1153.566
  411.988, -878.908,  933.836
  631.714, -659.178, 1016.237
  906.372, -659.178, 1510.621
  961.304,-1071.166, 1757.812
 -521.849, -906.372, 1510.621
-1757.812,-2114.867,    0.000
-1455.689,-1318.360,  357.055
 1126.098,-1043.701, 1290.892
 1950.073,-1126.098, 2059.934
  192.262,-2059.934, 1043.701
 -906.372,-3323.365,  -27.464
  -82.397,-2746.580,  796.507
 1098.634,-1950.073, 1675.415
  521.849,-1400.756, 1373.292
 -686.646,-1785.280,  741.578
 -192.262,-1950.073,  796.507
  329.591,-1153.566, 1565.550
  878.908, -521.849, 1593.018
 -329.591,  -54.932, 1071.166
  137.329, -164.794,  769.043
  274.658,  109.865, 1126.098
  659.178,  576.781, 1373.292
  219.726, 1098.634, 1153.566
 -137.329,  851.440, 1043.701
  411.988,  769.043, 1235.963
  -54.932,  796.507, 1483.153
  137.329,  466.920, 1208.495
  411.988,  192.262,  823.975
  357.055, -384.523,  823.975
  494.384, -274.658,  906.372
  631.714, -357.055, 1263.427
  466.920,-1400.756,  906.372
    0.000,-2389.525, 1043.701
 -274.658,-2279.664, 1208.495
  -54.932,-1950.073, 1565.550
  466.920,-2197.264, 1400.756
  164.794,-2334.593, 1235.963
  -54.932,-2499.390,  741.578
 -274.658,-1977.538,  878.908
  631.714,-1812.744, 1208.495
  329.591,-1400.756, 1126.098
 -466.920,-1153.566, 1071.166
 -247.194, -659.178, 1400.756
   54.932, -686.646, 1208.495
 -329.591, -769.043, 1538.086
 -384.523, -494.384, 1126.098
   27.464,  164.794,  961.304
  302.123,  109.865, 1428.221
  549.317, -219.726,  961.304
  219.726, -741.578, 1043.701
  137.329,-1400.756,  714.110
  -54.932,-1373.292,  851.440
  -54.932,-1153.566, 1428.221
   54.932,-1565.550, 1373.292
   82.397,-2114.867, 1181.030
    0.000,-2774.048,  878.908
  -27.464,-2828.977,  878.908
  329.591,-2416.993,  796.507
  439.452,-2444.458, 1263.427
  329.591,-2252.196, 1126.098
 -384.523,-2197.264, 1126.098
  137.329,-1675.415,  961.304
  219.726,-1428.221, 1263.427
  219.726,-1071.166, 1208.495
   54.932, -521.849, 1318.360
   82.397, -109.865, 1290.892
  137.329,  -82.397, 1126.098
  192.262, -329.591, 1126.098
  329.591,  137.329, 1098.634
  109.865,  769.043, 1153.566
  137.329,  466.920, 1345.824
  494.384,   27.464, 1455.689
  164.794, -769.043, 1153.566
 -137.329,-1126.098,  933.836
 -109.865,-1043.701, 1208.495
  109.865,-1235.963, 1400.756
  686.646,-2059.934, 1345.824
   54.932,-2554.322,  796.507
  137.329,-2719.116,  933.836
  247.194,-2334.593, 1235.963
   82.397,-2307.128, 1428.221
  274.658,-2224.732, 1208.495
   54.932,-2416.993,  714.110
 -164.794,-2032.470, 1043.701
  302.123,-1345.824, 1235.963
  549.317, -851.440,  961.304
   27.464, -686.646, 1290.892
   27.464, -384.523, 1153.566
  247.194,  -82.397, 1318.360
  109.865,  274.658, 1428.221
  109.865,  247.194, 1153.566
   54.932,  302.123, 1290.892
 -109.865,  357.055, 1400.756
  137.329, -411.988, 1016.237
 -247.194, -659.178, 1071.166
    0.000,-1153.566, 1071.166
  109.865,-1208.495, 1345.824
  164.794,-1730.347, 1181.030
  274.658,-2197.264, 1071.166
  -54.932,-2362.061, 1290.892
   82.397,-2334.593, 1181.030
  109.865,-2252.196, 1153.566
  357.055,-2059.934, 1345.824
  466.920,-1565.550, 1071.166
  302.123,-1153.566, 1153.566
   54.932,-1098.634, 1098.634
  329.591, -823.975, 1126.098
  549.317,    0.000, 1181.030
   82.397,  659.178, 1593.018
  521.849, 1071.166, 1620.482
  329.591, 1043.701, 1098.634
 -219.726, 1345.824,  878.908
   54.932, 1840.208, 1235.963
  631.714, 2362.061, 1318.360
  494.384, 2114.867, 1126.098
  302.123, 1126.098,  823.975
 -494.384,  631.714, 1126.098
  521.849, -357.055, 1235.963
  769.043, -549.317, 1538.086
  137.329,-1181.030, 1510.621
 -329.591,-2114.867,  988.769
  -82.397,-3268.433,  906.372
  521.849,-3405.762, 1016.237
  411.988,-2828.977,  961.304
  357.055,-2746.580,  961.304
  164.794,-1950.073,  631.714
  741.578,-1785.280,  659.178
  796.507,-1620.482,  439.452
  769.043,-1043.701,  219.726
  906.372, -137.329,  823.975
 1016.237,  796.507, 1483.153
  164.794, 1400.756, 1785.280
 -631.714, 1345.824, 1538.086
-1400.756,  109.865, 1043.701
 -466.920,  466.920, 1208.495
 1016.237,  714.110, 2334.593
  906.372,  961.304, 1950.073
 -357.055,  219.726,  961.304
 -796.507,-1785.280, -137.329
  466.920,-2032.470,   82.397
  933.836,-2389.525, 1126.098
  439.452,-2279.664, 1181.030
 -329.591,-3350.830,  823.975
 -494.384,-4504.392,  714.110
 -137.329,-4586.792,  851.440
  466.920,-4119.872, 1126.098
  137.329,-4147.337,  988.769
 -164.794,-3982.543,  741.578
 -274.658,-3845.214, 1071.166
   54.932,-2719.116, 1126.098
  357.055,-2005.006, 1345.824
 -631.714,-1318.360, 1126.098
 -521.849,-1126.098, 1071.166
 -274.658, -549.317, 1290.892
  823.975,  329.591, 1483.153
  384.523,  851.440, 1400.756
 -274.658,  439.452,  714.110
    0.000,  247.194,  741.578
  192.262,  -27.464, 1126.098
  137.329, -109.865, 1593.018
 -796.507, -961.304,  988.769
-1263.427,-2197.264,  933.836
 -659.178,-2856.445, 1181.030
 -164.794,-3570.556, 1263.427
 3570.556, -906.372, 3131.104
 3570.556, -357.055, 2471.922
-2444.458,-3021.239,-1208.495
-3048.707,-1181.030,-1455.689
 1071.166, -659.178, 1565.550
 2307.128,  823.975, 2966.306
 -659.178,  851.440, 1043.701
-2252.196, -823.975, -878.908
  549.317, -741.578,  164.794
 2883.910,  411.988, 2252.196
 1950.073,  604.249, 1647.950
 -851.440, -549.317,  274.658
 -906.372,-1263.427,  357.055
  769.043, -576.781, 1757.812
  988.769,  329.591, 2114.867
  302.123,  164.794, 1318.360
 -466.920, -878.908,  604.249
   54.932, -411.988, 1126.098
  494.384, -247.194, 1647.950
  357.055, -494.384, 1510.621
 -411.988,-1593.018,  851.440
 -631.714,-1785.280,  741.578
   54.932,-1867.676, 1290.892
  988.769,-1373.292, 1290.892
  549.317,-1510.621, 1153.566
 -329.591,-1785.280,  823.975
 -604.249,-1922.609, 1318.360
  137.329,-1538.086, 1318.360
 -192.262,-1620.482, 1455.689
 -604.249,-1290.892, 1098.634
 -686.646,-1153.566, 1098.634
  302.123, -494.384, 1263.427
  604.249,    0.000, 1208.495
  164.794,    0.000, 1153.566
   27.464,    0.000,  796.507
  357.055,  302.123, 1290.892
  933.836,  274.658, 1593.018
  659.178,  329.591, 1565.550
  686.646,  219.726, 1208.495
  714.110,  933.836, 1071.166
  604.249,  741.578, 1290.892
  878.908,  631.714, 1455.689
  549.317,  357.055, 1016.237
 -247.194, -494.384, 1126.098
  137.329,  -27.464, 1400.756
  851.440,  357.055, 1510.621
  411.988,  219.726, 1455.689
  274.658, -164.794, 1126.098
  439.452, -769.043, 1016.237
  631.714, -686.646, 1318.360
  796.507, -192.262, 1785.280
   54.932, -164.794,  769.043
-1290.892, -604.249,  769.043
  -27.464, -604.249,  988.769
  192.262,  247.194, 1181.030
  137.329, -109.865,  933.836
   82.397, -823.975,  878.908
  494.384,-1620.482, 1318.360
  631.714,-1098.634, 1345.824
  466.920, -851.440, 1263.427
  219.726,-1263.427, 1263.427
   54.932,-2032.470,  796.507
  549.317,-2059.934, 1016.237
  659.178, -741.578, 1043.701
  851.440, -329.591, 1373.292
  466.920, -823.975,  769.043
  384.523,-1428.221,  796.507
  -27.464, -741.578, 1126.098
  274.658,    0.000, 1126.098
  137.329,  109.865, 1126.098
   27.464,   82.397, 1153.566
  357.055, -439.452, 1428.221
  714.110, -659.178,  796.507
  192.262,-1373.292, 1071.166
  137.329,-1043.701,  878.908
   82.397, -796.507,  988.769
  219.726, -631.714, 1290.892
  631.714,-1510.621,  961.304
  -82.397,-1620.482,  796.507
 -109.865,-1153.566,  851.440
  466.920,-1071.166, 1181.030
  302.123, -906.372, 1345.824
  384.523, -659.178, 1126.098
  274.658, -384.523,  823.975
  411.988, -823.975,  769.043
  933.836, -741.578,  988.769
  769.043, -494.384, 1071.166
  -54.932,  521.849, 1126.098
 -164.794,  -54.932, 1098.634
  604.249, -604.249, 1208.495
  494.384,-1016.237,  961.304
  769.043, -988.769,  769.043
  109.865, -274.658,  961.304
  796.507,-1208.495,  988.769
  466.920,-1400.756, 1071.166
  137.329,-1895.141,  659.178
  -82.397,-2224.732,  851.440
  219.726,-1785.280, 1126.098
  439.452,-1565.550, 1785.280
  219.726,-1675.415,  933.836
    0.000,-1812.744,  714.110
  164.794,-1483.153,  741.578
  686.646, -878.908, 1126.098
  411.988, -357.055,  961.304
 -302.123, -302.123,  878.908
 -109.865, -164.794,  988.769
  439.452,   27.464, 1126.098
  576.781,  494.384, 1290.892
   54.932,  851.440, 1043.701
  -27.464,  851.440, 1373.292
  357.055, -439.452, 1290.892
 -823.975,-1181.030, 1455.689
 -714.110, -659.178, 2197.264
   27.464,-1153.566, 2279.664
 -411.988,-1318.360, 1428.221
   82.397,-2279.664,  659.178
 1428.221,-2197.264, 1098.634
 1922.609,-1483.153, 1565.550
  988.769, -988.769, 1016.237
  219.726, -109.865,  796.507
 -549.317,-1016.237,  741.578
 -878.908, -192.262, 1126.098
 -988.769,  686.646, 1153.566
 -494.384,  192.262, 1181.030
  -82.397, -384.523,  906.372
  109.865, -631.714,  933.836
  466.920, -714.110,  878.908
  -82.397, -988.769, 1043.701
  164.794,-2005.006, 1235.963
  466.920,-2774.048, 1373.292
  109.865,-2774.048, 1373.292
  247.194,-3103.636,  851.440
    0.000,-2581.787,  906.372
  466.920,-1620.482, 1208.495
  769.043,-1510.621, 1071.166
  659.178,-1208.495,  906.372
  878.908, -878.908,  769.043
  192.262,  219.726,  906.372
  714.110,  823.975, 1208.495
  302.123,  769.043, 1290.892
 -109.865,  631.714, 1290.892
 -686.646,  741.578, 1318.360
    0.000,  823.975, 1455.689
  302.123, 1016.237, 1538.086
  302.123,  714.110, 1098.634
  -54.932,  521.849,  851.440
  411.988,  549.317,  961.304
  851.440, -192.262, 1043.701
  274.658, -604.249,  906.372
 -494.384,-1181.030, 1126.098
 -329.591,-1840.208, 1181.030
 -247.194,-2416.993, 1181.030
  247.194,-2279.664, 1208.495
  164.794,-2252.196, 1235.963
  631.714,-2444.458, 1098.634
  823.975,-2719.116,  823.975
  714.110,-2609.251,  961.304
  137.329,-1593.018, 1235.963
  137.329,-1181.030,  961.304
  329.591,-1483.153, 1071.166
  192.262,-1208.495, 1126.098
 -247.194,   82.397, 1153.566
 -384.523,  384.523, 1318.360
  219.726,  549.317, 1538.086
   54.932,  -27.464, 1208.495
 -109.865, -439.452,  988.769
  109.865,   27.464,  961.304
 1098.634,  247.194, 1181.030
 1098.634, -137.329, 1428.221
  411.988, -302.123, 1730.347
 -686.646, -631.714, 1181.030
-1510.621, -823.975, 1016.237
 -823.975, -988.769, 1126.098
-7992.551, 3625.488,  576.781
-7168.579,-4119.872,  686.646
 1565.550,-8569.336, 5163.574
 1290.892,-4119.872, 2801.513
-4476.928,-5987.549,-1867.676
-4943.848,-6564.330,-1922.609
-1016.237,-6976.318, 1455.689
-2252.196,-9338.378, 2636.719
-7086.179,-10272.215, 1043.701
-8486.935,-10162.350,  961.304
-3543.091,-8459.471, 2032.470
 1510.621,-5191.038, 2746.580
 4696.654,-2554.322,  576.781
 6454.465,  -54.932,-1318.360
 8349.606, 3598.020,-1483.153
 9036.252, 5795.287, -686.646
 6234.739, 7058.714, -411.988
 2197.264, 8898.923,  439.452
 1181.030,11755.368, 1840.208
 2142.335,12689.208, 3240.965
 3872.678, 9750.362, 2828.977
 2005.006, 6976.318, 1483.153
 1181.030, 6646.727,  714.110
 3186.036, 5685.422, 2252.196
 4284.666, 5136.106, 3488.159
 2993.774, -741.578, 2087.402
  302.123,-1400.756, 1043.701
  164.794,-5630.494,   54.932
 1098.634,-4943.848, 1620.482
 -494.384,-5383.300, 1647.950
 -988.769,-7800.293,  604.249
 -247.194,-9448.240,  302.123
  302.123,-9448.240, -466.920
-1318.360,-8514.403,-1702.879
 -988.769,-5273.435, -769.043
  274.658,-2774.048, 1318.360
 -851.440,-3103.636, 1977.538
-3762.817,-2334.593, 1455.689
-4339.598, -631.714, 1950.073
-2362.061, 1757.812, 2664.184
 -274.658, 2966.306, 2554.322
  137.329, 3543.091, 1455.689
 1345.824, 4037.476,  302.123
 3900.146, 5053.709,  411.988
 4586.792, 5328.367, 1126.098
 3625.488, 3900.146,  878.908
 2416.993, 2746.580, 1290.892
 5245.970, 6564.330, 5960.081
 2252.196, 7003.782, 4339.598
-5575.561, 9805.295,  439.452
-7525.634, 6729.124,-2087.402
  -54.932, 2389.525, -164.794
 6591.794,  274.658, 3295.897
 4696.654,-2554.322, 1455.689
-1840.208,-6536.866,-1950.073
-2032.470,-10217.282,-1565.550
  549.317,-13046.263, 1290.892
  906.372,-14035.032, 2471.922
-1895.141,-14309.690,  851.440
-3378.294,-12881.466, -741.578
-1181.030,-10382.080,  192.262
 1290.892,-7882.690, 1290.892
  384.523,-6756.592,  604.249
-2032.470,-4092.408,   27.464
-1895.141,  274.658,  988.769
 -329.591, 4037.476, 2883.910
  549.317, 6207.275, 3433.226
 -439.452, 7168.579, 3295.897
 -659.178, 9173.581, 2252.196
   27.464,11837.765, 1126.098
 1483.153,13128.660, 1071.166
 3021.239,12057.494, 1126.098
 3268.433, 8816.526,  851.440
 2938.842, 5630.494,  686.646
 1922.609, 3488.159,  851.440
   27.464, 1400.756, 1565.550
 -878.908, -988.769, 2059.934
 -988.769,-4614.257, 1950.073
-1071.166,-7800.293, 1126.098
 -906.372,-9832.763,  604.249
  247.194,-10546.873,  329.591
 1235.963,-10574.338,  -54.932
 1235.963,-13211.057, -494.384
  302.123,-11453.245,  439.452
 -659.178,-9338.378, 1071.166
 -494.384,-8432.006, 1153.566
 -631.714,-4916.380, 1290.892
 -686.646,-2114.867, 1208.495
 -494.384, 1181.030,  878.908
  466.920, 4010.008,  906.372
 1126.098, 6399.536, 1181.030
  769.043, 8157.348, 1510.621
  466.920, 9393.307, 1675.415
  659.178, 9365.843, 2142.335
  274.658, 8953.855, 1812.744
 -247.194, 8459.471, 1895.141
  384.523, 6591.794, 1593.018
  851.440, 3488.159, 1345.824
 1098.634, 1016.237, 1181.030
  933.836, -851.440,  961.304
  741.578,-3433.226,  933.836
 1181.030,-6234.739,  466.920
  192.262,-8432.006,  933.836
 -247.194,-9860.227,  659.178
 -109.865,-9887.692,  796.507
 -521.849,-9503.172, 1400.756
 -549.317,-8761.594, 1016.237
-1098.634,-7333.373,  796.507
 -494.384,-6042.478,  549.317
 -466.920,-4119.872,  439.452
 -878.908,-1977.538,  521.849
-1126.098, -219.726,  906.372
 -357.055, 1428.221, 1510.621
 1126.098, 3405.762, 2252.196
  631.714, 3872.678, 1538.086
-1620.482, 3103.636,  -82.397
-1675.415, 3707.885,  302.123
 -219.726, 4202.269, 1757.812
  384.523, 3707.885, 2856.445
 -988.769,  796.507, 1812.744
-1345.824,-2059.934, 1071.166
   27.464,-3103.636, 1181.030
 2362.061,-2444.458, 1702.879
 3158.568,-2114.867, 1757.812
 3103.636,-3488.159,  384.523
 1922.609,-4476.928, -384.523
 1565.550,-4449.463,  109.865
 1812.744,-3021.239,  906.372
  521.849,-1290.892, 1318.360
 -961.304, -439.452, 1510.621
 -714.110,  274.658, 1593.018
  302.123,  576.781, 1757.812
  714.110, 1565.550, 1538.086
  466.920, 3103.636,  961.304
  357.055, 3570.556,  961.304
  494.384, 3543.091, 1126.098
 -906.372, 1922.609,  521.849
-3762.817, -851.440,  466.920
-3817.750,-2444.458, 1565.550
-2224.732,-3625.488, 3021.239
-2197.264,-5822.752, 2334.593
-2114.867,-7388.305,  549.317
 -494.384,-8761.594, -329.591
 1455.689,-9585.569,   82.397
 1263.427,-10272.215,    0.000
 -604.249,-10519.405,  302.123
-2059.934,-9860.227,  604.249
-1812.744,-7910.154, 1428.221
-1153.566,-5657.958, 1840.208
 -878.908,-3762.817, 1757.812
 -604.249,-2526.854,  796.507
 -137.329, -769.043, -164.794
 1181.030, 2142.335,  466.920
 1757.812, 3762.817, 1235.963
 1016.237, 4943.848, 1290.892
 -357.055, 4971.312, 1181.030
 -686.646, 4531.860, 1538.086
 -164.794, 4669.189, 2005.006
   27.464, 4394.531, 2169.799
 -741.578, 2993.774, 1702.879
   82.397, 1263.427, 1071.166
 1620.482,  137.329, 1016.237
 3295.897, -769.043, 1043.701
 2911.378,-1922.609,  247.194
 1126.098,-3735.349, -549.317
-1126.098,-4696.654,  357.055
 -521.849,-5657.958, 1757.812
  329.591,-5712.890, 2883.910
  796.507,-4861.451, 2005.006
 -357.055,-3762.817,  274.658
 -521.849,-4449.463, -686.646
  384.523,-4394.531,  247.194
  549.317,-3103.636, 1455.689
 -219.726, -466.920, 2005.006
-1785.280,  796.507, 1538.086
-2169.799,  439.452, 1593.018
 -686.646,  137.329, 1675.415
 -823.975,  137.329, 1730.347
 -466.920, 1208.495, 1400.756
  466.920, 2581.787, 1071.166
  302.123, 2279.664,  741.578
   82.397, 1263.427,  494.384
  549.317,  961.304, 1290.892
  714.110,  576.781, 1565.550
 -769.043,  137.329, 1208.495
-1867.676, -769.043, 1208.495
-1785.280,-2005.006, 1812.744
 -137.329,-2224.732, 2307.128
 4174.805,  357.055, 5026.244
10162.350, 7937.622, 9393.307
 9832.763,21643.063,12551.879
-4833.983,26422.114, 3872.678
-16561.886,25268.551,-7525.634
-4119.872,29333.491,-3735.349
13952.635,35815.421, 5300.903
14144.893,34414.664, 5493.164
 2966.306,25268.551, -219.726
-4010.008,16259.764,-1538.086
-3845.214, 9475.708, 1620.482
-6234.739,  769.043, 2389.525
-7882.690,-11755.368,  823.975
-4806.518,-24774.163,  961.304
 2087.402,-33700.554, 1455.689
 6262.207,-39495.841, -411.988
 5767.823,-44631.950,-1757.812
 3900.146,-46911.611,-2087.402
  769.043,-44467.153, -906.372
-3405.762,-38726.798,  192.262
-5548.093,-30706.780, 1098.634
-4943.848,-20599.362, 1675.415
-2911.378,-9942.624, 1565.550
  109.865, 1016.237,  796.507
  988.769,11755.368, -384.523
 2636.719,21121.211, -988.769
 3378.294,27905.267, -329.591
 3240.965,31558.219,  988.769
 1400.756,31805.413, 1318.360
 -192.262,30624.383, 2169.799
 -878.908,28839.107, 3186.036
-1043.701,24581.905, 2883.910
  631.714,18045.040, 1977.538
 3515.623,10217.282, 1318.360
 3762.817,  878.908,  -27.464
 4037.476,-7058.714, -823.975
 3048.707,-14804.075, -192.262
 1318.360,-20928.949,  796.507
   82.397,-25433.345,  933.836
 -137.329,-27355.950, 1757.812
 -274.658,-29168.694, 1593.018
-1290.892,-28646.845,  796.507
   27.464,-24279.779,  439.452
 2279.664,-16479.490, 1098.634
 2087.402,-8377.074,  466.920
 -219.726,-1263.427,-1043.701
 -631.714, 5630.494, -769.043
  302.123,12716.672,  494.384
 -439.452,18209.837, 1950.073
-2197.264,21148.679, 2416.993
-3378.294,22384.638, 2554.322
-2911.378,21835.321, 2334.593
-1647.950,20104.978, 2252.196
   27.464,16369.625, 1785.280
  823.975,11947.630, 1235.963
 1620.482, 6619.262, 1208.495
 2471.922,  659.178, 2087.402
 2252.196,-5850.220, 2526.854
 1126.098,-10601.806, 1977.538
  -82.397,-14199.826, 1126.098
  439.452,-15298.459,  796.507
 2362.061,-14913.936, 1043.701
 3515.623,-14144.893, 1208.495
 3131.104,-12469.478,  192.262
 1675.415,-9832.763, -357.055
  961.304,-5218.506,  439.452
 -439.452, -521.849, 1483.153
-2059.934, 2911.378, 1785.280
-3927.611, 4971.312, 1647.950
-3543.091, 5987.549, 1455.689
-2499.390, 6866.453,  714.110
-1235.963, 6591.794,  411.988
-1043.701, 4284.666,   54.932
   82.397,-1181.030,  961.304
 -631.714,-7223.508, 2005.006
-2911.378,-11096.190, 1235.963
-3598.020,-14584.349, -247.194
 -549.317,-16012.570, -109.865
 3433.226,-17633.052, 2087.402
 1043.701,-21038.814, -219.726
-3323.365,-19363.399,-3955.079
  631.714,-12854.002,-1235.963
 7141.111,-6262.207, 3488.159
 5520.629,-2526.854, 2636.719
-1071.166,-1098.634, -878.908
-2444.458, 4559.324, -961.304
 1373.292,14227.294, 2746.580
 2801.513,20022.577, 4421.995
 -659.178,18869.015, 2114.867
-3460.694,15957.637, -878.908
 -659.178,15463.253,  466.920
 3433.226,17523.191, 3350.830
 2059.934,13925.167, 2828.977
-2938.842, 5685.422,  247.194
-3790.282,-2554.322, -247.194
  823.975,-7910.154, 1812.744
 1950.073,-9942.624, 2032.470
 -494.384,-12167.356,    0.000
-1867.676,-16506.954,-1428.221
   27.464,-20159.906, -164.794
 2334.593,-20544.430, 1098.634
  906.372,-17687.984, 1126.098
-1400.756,-14199.826,   82.397
-1565.550,-11178.587,  137.329
 -384.523,-7965.086, 1785.280
  -54.932,-3103.636, 2114.867
 -576.781, 1977.538, 1702.879
 -274.658, 6262.207,  796.507
  521.849, 9997.556, 1428.221
 1373.292,12057.494, 1675.415
  988.769,13238.521, 1620.482
  164.794,13870.235, 1373.292
  659.178,13375.850, 1455.689
  137.329,11398.313, 1647.950
 -384.523, 7965.086, 1098.634
 -521.849, 3543.091, 1538.086
 -411.988, -769.043, 1181.030
  466.920,-4229.737, 1098.634
  494.384,-7827.757,  961.304
  164.794,-11782.836,  466.920
 -247.194,-13595.580,  192.262
  769.043,-14501.948,  466.920
 1318.360,-13540.648, 1098.634
  823.975,-12222.288,  494.384
 2938.842, 2307.128, 2966.306
 3872.678,-3076.171, 1675.415
-1785.280,-1510.621, -192.262
-3598.020, 3982.543,  274.658
 -631.714, 6893.921, 2252.196
 -192.262,16671.751, 3460.694
-2746.580,12826.537, 1730.347
-5245.970, 9146.117,-1483.153
-4339.598, 6069.946, -988.769
 -686.646, 5822.752, 1181.030
  714.110, 5273.435, 2224.732
-1400.756, -137.329, 1840.208
-2691.652,-8157.348, 1071.166
-3762.817,-12304.685,  769.043
-1730.347,-16726.680, 1290.892
  -27.464,-22439.570, 1510.621
 -576.781,-22576.900,  494.384
-2774.048,-21752.924, -576.781
-2032.470,-20516.965, -329.591
 -741.578,-17001.338, 1208.495
-1235.963,-14584.349, 1016.237
-3433.226,-11727.904,  302.123
-4257.202,-7113.647,  439.452
-3433.226,-2471.922, 1043.701
-2719.116, 1785.280, 1702.879
-1867.676, 3323.365, 1208.495
-2774.048, 3845.214,  714.110
-1510.621, 4367.063,  851.440
 1538.086, 3378.294, 2059.934
  961.304, 4586.792, 2032.470
 -961.304, 6701.659,  906.372
 -631.714, 3652.952,  659.178
 1345.824,  823.975, 1620.482
 1730.347, -137.329, 1620.482
  466.920,-1290.892, 1153.566
-1400.756,  -82.397,  384.523
-2526.854,-1098.634,  164.794
 -439.452,-5245.970, 1290.892
 4449.463,-9091.184, 3845.214
 -109.865,-15243.527, 1345.824
-4476.928,-10491.941,  164.794
-1208.495,-10217.282,  796.507
 3790.282,-10958.861, 2279.664
 2334.593,-10382.080, -164.794
 -192.262,-4037.476,-1647.950
 1730.347, -411.988,-1043.701
 4174.805, 4312.134, 1235.963
 3076.171, 6317.136, 1181.030
  109.865, 8184.812,  906.372
  576.781, 9942.624, 1730.347
 2911.378, 9667.966, 3076.171
 5465.696,10601.806, 3048.707
 3735.349,13348.386, 1071.166
 2307.128,17083.735,   82.397
 3021.239,17028.806, 1290.892
 2252.196,15600.582, 2416.993
-1098.634,10272.215, 2087.402
-3240.965, 6619.262, 1895.141
-2499.390, 1483.153, 1922.609
 -878.908,-5548.093, 2554.322
  247.194,-13815.306, 1675.415
  329.591,-18594.356, -329.591
 4504.392,-21945.186,-1181.030
 7031.250,-19967.648, -494.384
 4806.518,-17468.258,  -82.397
 -247.194,-18539.424, -851.440
-2801.513,-16671.751,  -82.397
-1538.086,-11920.165, 1675.415
-1647.950,-4284.666, 2389.525
-1922.609, 3433.226, 1812.744
-1730.347, 8047.483, 1263.427
  439.452,11068.722, 1675.415
 2801.513,13430.783, 2252.196
 2197.264,15380.856, 1510.621
 1400.756,16204.831, 1318.360
 1730.347,15270.991, 1730.347
 1126.098,13650.509, 2307.128
  -54.932,12002.562, 2416.993
 -109.865, 9558.104, 1730.347
 1538.086, 5685.422, 1345.824
 3186.036, 1016.237,  878.908
 3103.636,-2169.799,  302.123
 3350.830,-4229.737,  -27.464
 2883.910,-5822.752,  851.440
 2526.854,-8596.800, 1071.166
  769.043,-10546.873, 1043.701
  109.865,-10519.405,  576.781
 2911.378,-10601.806, 2966.306
    0.000,-4010.008, 1702.879
-2005.006,-4779.050, -686.646
  -82.397,-2774.048, -549.317
 2059.934, 1565.550,  357.055
 2252.196, 3872.678,  576.781
  466.920, 6893.921,  466.920
  302.123, 8926.391, 1510.621
  384.523, 7937.622, 2169.799
 -933.836, 6289.672, 1647.950
-2444.458, 4229.737, 1208.495
-1950.073, 6124.878, 1950.073
  219.726, 2938.842, 2142.335
 -411.988,-2224.732, 1126.098
-1043.701,-6509.398, -164.794
 1318.360,-10739.135,  521.849
 4147.337,-16973.874, 1263.427
 3350.830,-18978.880,  384.523
  302.123,-16287.228, -851.440
-1483.153,-12936.398,  -82.397
-2114.867,-10876.464,  329.591
-2719.116,-10574.338,  906.372
-2774.048,-8020.019,  988.769
-1950.073,-3570.556, 1153.566
-1071.166, 2719.116, 1400.756
 -796.507, 7882.690, 1565.550
 -796.507,10437.008, 1922.609
-1812.744,11343.380, 1895.141
-3240.965,11645.507, 1593.018
-4119.872,11425.777, 1373.292
-2609.251,10025.021, 2059.934
  -82.397, 7498.166, 2087.402
  933.836, 3927.611, 1455.689
  -82.397, 2746.580,    0.000
 -906.372,  851.440, -494.384
 -137.329,-2499.390,  247.194
 1428.221,-6481.933, 1455.689
 2169.799,-9118.649, 2279.664
  851.440,-10107.421, 1318.360
  659.178,-8679.197,  576.781
  466.920,-6069.946, 1208.495
  631.714,-4696.654, 1483.153
  -82.397,-3240.965, 1620.482
 -494.384,-2883.910, 1867.676
  -54.932,-1565.550, 2087.402
  549.317, 1538.086, 2252.196
   54.932, 4202.269, 2224.732
-2169.799, 5191.038, 1235.963
-3570.556, 5493.164,  604.249
-2746.580, 6564.330, 1977.538
-2856.445, 3707.885, 2307.128
-2966.306,-2362.061, 2005.006
 1757.812,-5630.494, 2197.264
 1950.073,-6344.604,  411.988
  796.507,-1895.141, -961.304
 3213.500,-1867.676, -439.452
 5877.684,-2609.251,  741.578
 4092.408,-4531.860,  549.317
  659.178, -659.178,  247.194
 -604.249, 3570.556,  247.194
  274.658, 6756.592, 1538.086
  851.440, 6619.262, 1867.676
 1235.963, 5108.641, 2032.470
 1593.018, 3433.226, 1812.744
 2087.402, 3460.694, 1538.086
 1593.018, 4888.915, 1043.701
 1950.073, 3543.091,  961.304
 2252.196,  851.440, 1675.415
 1593.018,-3735.349, 1043.701
  439.452,-6509.398,   27.464
  109.865,-7003.782,  549.317
  796.507,-8871.458, 1510.621
 1071.166,-11480.710,  796.507
  878.908,-12167.356,  137.329
  549.317,-10546.873, -384.523
 1428.221,-6454.465,  192.262
 2746.580,-3488.159,  686.646
 1071.166,-1840.208, 1181.030
 -741.578,    0.000, 1043.701
 -357.055, 2362.061, 1675.415
 -466.920, 5163.574, 2087.402
-1153.566, 8129.880, 1702.879
 -384.523, 8514.403, 1730.347
  823.975, 8624.264, 1620.482
 1812.744, 9558.104, 1620.482
 2966.306,10134.886, 1208.495
 2636.719, 9338.378,  741.578
 2087.402, 8267.209, 1235.963
 1345.824, 5657.958, 1593.018
  823.975, 1730.347, 1730.347
   54.932,-2142.335, 1867.676
  466.920,-5960.081, 1290.892
    0.000,-8898.923, 1181.030
  -54.932,-10354.612,  686.646
  411.988,-11810.300,  933.836
  466.920,-12084.959, 1126.098
  329.591,-12442.014,  961.304
 -494.384,-12744.137,  659.178
 -961.304,-11206.051,  384.523
-1702.879,-8486.935,  906.372
-1620.482,-6454.465, 1538.086
-1620.482,-4751.586, 1647.950
-2114.867,-3790.282, 1181.030
-2032.470, -411.988,  741.578
-1373.292, 3515.623,  604.249
  219.726, 5822.752,  878.908
 1318.360, 5822.752,  741.578
 1757.812, 5081.177,  631.714
 1016.237, 5712.890,  274.658
 1318.360, 8871.458,  686.646
 1675.415, 9585.569, 1812.744
 1867.676, 6838.988, 1565.550
  302.123, 2828.977,  988.769
  631.714,  604.249,  714.110
 1620.482,  137.329,  823.975
 2471.922,-2224.732, 1071.166
 2252.196,-6069.946, 1016.237
  961.304,-9750.362,  576.781
  192.262,-11425.777,  439.452
 1043.701,-12606.808,  851.440
 2307.128,-13183.592, 1153.566
 1565.550,-12496.946,  357.055
  -27.464,-8047.483, -357.055
 -823.975,-3543.091,   82.397
 -521.849,-1510.621, 1538.086
-1345.824,-2362.061, 1840.208
-2746.580,-2471.922, 1400.756
-2966.306, -906.372, 1208.495
 -933.836, 2252.196, 1757.812
 -302.123, 4861.451, 2087.402
 -411.988, 5987.549, 1455.689
 -741.578, 4971.312,  961.304
 -384.523, 3955.079, 1208.495
  302.123, 3982.543, 1455.689
  411.988, 4119.872, 1290.892
  494.384, 3103.636, 1290.892
 1345.824, 1071.166,  906.372
 2471.922, -906.372, 1016.237
 2142.335,-2444.458,  796.507
 1922.609,-2938.842,  549.317
 1373.292,-3625.488,  988.769
  961.304,-3900.146, 1400.756
  604.249,-5355.835, 1400.756
  384.523,-7003.782, 1290.892
  109.865,-7278.440, 1043.701
 -549.317,-6481.933,  988.769
 -961.304,-4916.380, 1016.237
 -604.249,-4559.324,  988.769
 -219.726,-5108.641,  686.646
  -82.397,-5108.641,  494.384
  -82.397,-4119.872,  247.194
   54.932,-2499.390,  549.317
 -411.988,-1126.098, 1153.566
 -494.384, -466.920, 1043.701
-1071.166,  961.304, 1318.360
-1510.621, 1812.744, 1290.892
-1428.221, 2746.580, 1647.950
 -576.781, 2719.116, 1620.482
   27.464, 2032.470, 1071.166
 1126.098,  549.317,  714.110
 1895.141,-1126.098,  631.714
 2087.402,-1812.744,  988.769
 1950.073,-1565.550,  714.110
 1620.482,-2032.470,  906.372
 1153.566,-2224.732,  933.836
 1126.098,-2636.719, 1318.360
 1428.221,-2828.977, 1071.166
 1428.221,-2966.306,  906.372
  796.507,-2471.922, 1126.098
  659.178,-1977.538, 1098.634
  384.523,-1757.812, 1483.153
  302.123,-2087.402, 1565.550
 -494.384,-2609.251,  851.440
-1565.550, -988.769,  906.372
 -329.591,  274.658, 1071.166
  109.865, 1153.566, 1510.621
 -274.658,  933.836, 1400.756
-1153.566, -576.781,  796.507
 -466.920,-1043.701,  714.110
 -192.262,  -82.397, 1208.495
 -192.262,  878.908, 1510.621
 -192.262, 1098.634, 1098.634
    0.000, 1208.495, 1290.892
  109.865,  878.908, 1428.221
 -247.194, 1455.689, 1730.347
  -54.932, 1867.676, 1702.879
  164.794, 1895.141, 1538.086
  466.920, 1235.963,  961.304
 1730.347,  192.262,  631.714
 1950.073,-1428.221, 1016.237
 1455.689,-1977.538,  988.769
  933.836,-2307.128,  686.646
  329.591,-2307.128, 1263.427
  521.849,-2938.842, 1290.892
 -274.658,-2938.842, 1400.756
  -82.397,-3240.965, 1235.963
  164.794,-3625.488,  906.372
    0.000,-3350.830, 1126.098
 -247.194,-2499.390, 1181.030
 -659.178,-1593.018, 1373.292
 -878.908,-1208.495, 1290.892
 -961.304,-1181.030, 1181.030
 -686.646, -109.865, 1208.495
 -659.178,  878.908, 1345.824
 -714.110, 1867.676, 1318.360
 -274.658, 2554.322, 1098.634
 -411.988, 2746.580, 1071.166
    0.000, 2554.322, 1263.427
  164.794, 2279.664, 1235.963
  247.194, 1730.347, 1400.756
  -82.397, 1318.360, 1620.482
  494.384,  851.440, 1565.550
  192.262,   27.464, 1647.950
    0.000, -741.578, 1455.689
   54.932,-1263.427, 1455.689
  933.836,-1538.086, 1290.892
  933.836,-1538.086,  988.769
 1208.495,-1895.141,  851.440
 1181.030,-2444.458,  851.440
  714.110,-2416.993,  576.781
  411.988,-3268.433,  988.769
  109.865,-3680.420,  796.507
 -137.329,-3131.104,  988.769
 -137.329,-2609.251, 1153.566
  -82.397,-2746.580, 1098.634
 -384.523,-2883.910, 1126.098
 -384.523,-1895.141,  631.714
   82.397, -769.043,  933.836
  302.123,  219.726, 1098.634
  329.591,  192.262,  769.043
 -164.794,  466.920,  933.836
 -384.523,  604.249, 1181.030
  137.329,  411.988, 1428.221
  384.523,  686.646, 1428.221
  -82.397, 1895.141, 1153.566
  164.794, 2471.922, 1208.495
  247.194, 1510.621, 1235.963
  439.452, -247.194, 1647.950
  411.988,-2087.402, 1455.689
   27.464,-3048.707, 1126.098
  659.178,-3817.750, 1016.237
  219.726,-4724.122, 1071.166
  604.249,-5410.764,  631.714
  604.249,-5712.890,  823.975
 1071.166,-6015.013,  961.304
  604.249,-5136.106,  906.372
   82.397,-3625.488,  796.507
  164.794,-1895.141,  906.372
 -109.865, -714.110, 1318.360
  -54.932,  -82.397, 1620.482
-1043.701, 1812.744, 1620.482
-1263.427, 3488.159, 1483.153
 -631.714, 3982.543, 1950.073
  -54.932, 3652.952, 1593.018
 -247.194, 3213.500, 1428.221
  109.865, 2993.774, 1208.495
  631.714, 2279.664, 1235.963
  631.714,  521.849, 1263.427
  137.329,   54.932,  988.769
 -274.658, -521.849, 1263.427
  109.865,-1675.415, 1455.689
  302.123,-2444.458, 1153.566
  466.920,-2691.652, 1345.824
    0.000,-2499.390, 1016.237
  164.794,-2609.251, 1263.427
  302.123,-3158.568, 1400.756
    0.000,-3872.678, 1318.360
 -769.043,-4010.008, 1263.427
   54.932,-4559.324,  988.769
  -54.932,-4064.940,  961.304
  302.123,-2911.378,  659.178
  521.849,-1290.892,  576.781
 1016.237, -329.591,  878.908
  961.304, -192.262,  961.304
  714.110,  686.646,  796.507
  329.591, 1565.550,  878.908
   27.464, 2636.719, 1126.098
  302.123, 3570.556, 1373.292
  219.726, 3323.365, 1510.621
 -137.329, 2828.977, 1428.221
  -27.464, 2526.854, 1538.086
 -302.123,  796.507, 1647.950
  -27.464,-1620.482, 1565.550
   82.397,-1647.950,  823.975
   82.397, -769.043,  439.452
 1208.495,   54.932,  604.249
 1922.609,  851.440,  329.591
 2059.934,-1153.566, -823.975
 2005.006,  329.591, -521.849
 2746.580, 1483.153,  466.920
 2554.322, 2883.910, 1565.550
  439.452, 2774.048, 1620.482
-1483.153, 2581.787, 1318.360
 -961.304, 2389.525, 2032.470
 -357.055, 4147.337, 2993.774
 -411.988, 6564.330, 2554.322
 -357.055, 7250.976, 1263.427
 -329.591, 5163.574,  906.372
  741.578, 2993.774, 1126.098
 1345.824, 1428.221, 1043.701
   54.932,  357.055,  961.304
-1071.166,-1483.153,  906.372
-1593.018,-6427.001,    0.000
 -933.836,-9365.843,  988.769
  219.726,-17138.668, 1290.892
 -659.178,-18292.234, 1290.892
-1840.208,-16067.502,   54.932
-1263.427,-12634.276,  274.658
  796.507,-11370.848,  604.249
 1400.756,-11810.300,  796.507
  329.591,-7937.622,  247.194
  192.262, -384.523,   82.397
  686.646, 6454.465,  769.043
  933.836,12689.208, 1538.086
 1702.879,15188.594, 1345.824
 1235.963,15902.708, 1153.566
 1345.824,15518.185,  851.440
 1922.609,14721.678, 1483.153
 1840.208,13101.192, 2362.061
  329.591, 9365.843, 2581.787
 -906.372, 4916.380, 2197.264
 -878.908, 1263.427, 2169.799
 -439.452,-2142.335, 2224.732
 -219.726,-6344.604, 1290.892
  329.591,-10739.135,  302.123
  686.646,-13485.715, -137.329
 1263.427,-14501.948, -411.988
 1373.292,-14144.893, -137.329
  823.975,-13293.454, -357.055
 -329.591,-11837.765, -219.726
-1071.166,-8981.320,  411.988
 -659.178,-5520.629, 1538.086
-1098.634,-1620.482, 1895.141
-2059.934, 1455.689, 2087.402
-1950.073, 3625.488, 1895.141
 -933.836, 5767.823, 2252.196
   54.932, 7992.551, 2389.525
  604.249,10189.818, 2005.006
  796.507,11178.587, 1235.963
 1181.030,10931.393, 1455.689
 1400.756,10025.021, 1400.756
 1290.892, 8898.923, 1455.689
  769.043, 5850.220, 1235.963
  439.452, 3076.171,  933.836
  906.372, -109.865,  878.908
 1565.550,-2719.116,  961.304
 1126.098,-5136.106, 1098.634
  686.646,-6948.850, 1098.634
  247.194,-8294.677, 1016.237
  109.865,-8789.062, 1016.237
 -604.249,-8624.264, 1208.495
 -576.781,-7937.622,  933.836
 -659.178,-6811.520, 1290.892
 -137.329,-5108.641,  961.304
  -82.397,-2883.910,  741.578
  439.452, -906.372,  604.249
  329.591, 1373.292,  576.781
  192.262, 3598.020,  741.578
  164.794, 4971.312, 1043.701
 -796.507, 5630.494, 1565.550
 -659.178, 5548.093, 1593.018
 -109.865, 4943.848, 1483.153
  -54.932, 4943.848, 1565.550
  659.178, 4147.337, 1345.824
 1290.892, 3543.091, 1235.963
 1153.566, 2774.048, 1290.892
  851.440,  741.578, 1400.756
  521.849,-2087.402, 1318.360
 -357.055,-4998.780, 1400.756
 -411.988,-7415.770, 1290.892
 -219.726,-9091.184, 1208.495
 -192.262,-10272.215, 1126.098
    0.000,-10437.008,  906.372
 -137.329,-10079.953,  604.249
  274.658,-9503.172,  521.849
  247.194,-8541.868,  549.317
  357.055,-6866.453,  521.849
  109.865,-4257.202,  521.849
   27.464,-1290.892,  411.988
  -82.397, 1290.892,  961.304
 -137.329, 3543.091, 1153.566
 -741.578, 5795.287, 1345.824
 -164.794, 6619.262, 1565.550
  137.329, 6509.398, 1538.086
   27.464, 6152.342, 1538.086
    0.000, 5520.629, 1428.221
 -109.865, 4916.380, 1702.879
  714.110, 3213.500, 1235.963
  961.304, 1345.824, 1400.756
  933.836, -192.262,  988.769
 1153.566,-1290.892,  851.440
 1455.689,-2471.922,  384.523
 1867.676,-3680.420,  521.849
 1647.950,-4724.122,  439.452
 1620.482,-5273.435,  714.110
  686.646,-5465.696,  741.578
  -82.397,-5300.903,  823.975
 -686.646,-4531.860, 1593.018
 -439.452,-3845.214, 1565.550
 -659.178,-3240.965, 1593.018
 -933.836,-2169.799, 1428.221
 -796.507, -439.452, 1428.221
 -659.178,  796.507, 1181.030
 -219.726, 1757.812, 1235.963
   54.932, 2252.196,  961.304
 -164.794, 3158.568, 1016.237
 -109.865, 4092.408, 1290.892
 -109.865, 3488.159, 1235.963
 -109.865, 1922.609, 1538.086
  -27.464, -137.329, 1428.221
 -164.794,-1483.153, 1373.292
 -247.194,-2609.251, 1675.415
   27.464,-2938.842, 1428.221
  247.194,-2581.787, 1126.098
  411.988,-2691.652, 1318.360
  714.110,-3900.146, 1208.495
  851.440,-5081.177, 1126.098
  357.055,-5328.367,  851.440
  549.317,-4367.063,  631.714
  466.920,-3158.568,  906.372
  961.304,-2114.867,  988.769
  604.249, -933.836, 1016.237
  411.988, -219.726, 1208.495
   27.464, -302.123, 1483.153
 -329.591, -714.110, 1235.963
 -714.110,  -82.397, 1565.550
 -686.646,  741.578, 1345.824
 -274.658, 2169.799, 1290.892
  411.988, 4257.202, 1263.427
  796.507, 6399.536, 1290.892
 1153.566, 7608.031,  988.769
  823.975, 7525.634, 1263.427
  411.988, 7662.964, 1208.495
  466.920, 6399.536, 1126.098
    0.000, 4833.983, 1565.550
    0.000, 3570.556, 1373.292
  164.794, 2059.934, 1428.221
  -82.397, -384.523, 1538.086
   54.932,-2966.306, 1455.689
  686.646,-4229.737, 1208.495
  219.726,-4779.050, 1208.495
 -357.055,-4641.721, 1016.237
 -302.123,-4586.792, 1126.098
  466.920,-5191.038,  714.110
  659.178,-6152.342,  823.975
  933.836,-5603.026,  576.781
  796.507,-4257.202,  192.262
 1016.237,-1922.609,  494.384
  439.452, -659.178,  988.769
  164.794,  988.769, 1455.689
 -439.452, 3845.214, 1455.689
 -851.440, 5987.549, 1647.950
 -521.849, 7141.111, 1977.538
 -823.975, 7388.305, 2032.470
 -192.262, 7250.976, 1620.482
    0.000, 7305.908, 1455.689
  686.646, 6152.342, 1345.824
  961.304, 4641.721, 1290.892
  906.372, 2774.048,  961.304
  823.975, 1043.701,  823.975
  659.178, -549.317,  961.304
  384.523,-2664.184, 1126.098
  164.794,-4614.257,  823.975
 -274.658,-6207.275,  878.908
  302.123,-7608.031,  933.836
  714.110,-7855.222, 1098.634
  357.055,-7168.579,  823.975
   27.464,-6509.398,  686.646
  192.262,-5960.081,  988.769
  384.523,-4669.189,  906.372
   27.464,-2883.910, 1373.292
 -329.591,-1126.098, 1016.237
  -54.932,  878.908, 1263.427
  219.726, 2609.251, 1153.566
  576.781, 4037.476, 1126.098
  439.452, 4806.518, 1318.360
  576.781, 5520.629, 1455.689
  247.194, 5767.823, 1373.292
  219.726, 5300.903, 1428.221
    0.000, 3652.952, 1647.950
  137.329, 2581.787, 1290.892
  164.794, 1757.812, 1290.892
  411.988,  494.384, 1483.153
  466.920,-1510.621, 1208.495
