 8679.197,-4641.721, 7388.305
 6344.604,11370.848, 6838.988
 7855.222, 9640.501,35705.560
 8047.483, 2114.867,20764.156
 6784.056,-3131.104, 8157.348
 5300.903,-15847.776, 4724.122
 5053.709,-18978.880, 5685.422
 6784.056,-19885.248,-5932.616
 5822.752,-8761.594, 2224.732
 4861.451,-2499.390, 8871.458
 4531.860, 1510.621, 9997.556
 5410.764, 6976.318,10409.544
 5191.038, 4504.392,11453.245
 3625.488,  109.865, 8047.483
 5245.970,-4037.476, 8816.526
 4669.189, -466.920, 6866.453
 3021.239, 3460.694, 8541.868
 1785.280, 5767.823,21505.734
 1263.427, 2828.977, 7031.250
  851.440, -741.578, 4092.408
-1620.482,-1153.566, 8102.416
-2197.264,-1016.237, 6948.850
-2169.799,  384.523, 7717.892
-2059.934,-4394.531, 6427.001
-1757.812,-11260.984, 4833.983
 -604.249,-15078.733, 6948.850
 -137.329,-23181.149, 7855.222
-1620.482,-4614.257, -906.372
-2362.061, 6152.342, 9613.037
-3323.365,11755.368,19747.922
-2856.445,-2114.867,17687.984
   54.932,-7608.031, 9722.898
   54.932,-14721.678, 9475.708
 -961.304,-20571.894,11508.178
 -164.794,-28866.571,11343.380
  631.714,-30981.438, 5163.574
 1181.030,-22302.241,-2938.842
  -54.932,-7415.770, 6701.659
-3048.707, 4257.202, 9036.252
-4367.063,15545.650,10464.476
-4339.598, 8926.391,26477.046
-2334.593, -137.329,19995.113
-3570.556,-7965.086, 7910.154
-2142.335,-16094.966,-3955.079
-2911.378,-22164.912,-1620.482
-4367.063,-14447.020,-12222.288
-4339.598,-5657.958, 8926.391
-4339.598,-5657.958, 8926.391
-4312.134,  961.304, 6729.124
-4888.915,12496.946,13787.838
-5630.494, 9420.775,11700.436
-4724.122, -219.726,10821.532
-1950.073,-8157.348, 7031.250
-1510.621,-11370.848, 6646.727
 -851.440,-10903.928, 8898.923
-2471.922,-12442.014, 8212.277
-3433.226,-7333.373, 4971.312
-3186.036, 2856.445, 3900.146
-3817.750,11508.178, 4559.324
-3680.420,20050.045, 5163.574
-3982.543,28674.310, 4724.122
-5932.616,33398.431, 6427.001
-3927.611,15765.379,25543.206
-6317.136, 9118.649,12854.002
-6619.262,-5026.244, 4229.737
-3927.611,-16259.764,-11810.300
-5081.177,-21560.663,-3295.897
-5273.435,-13897.703,-6399.536
-6454.465, 6591.794, 4888.915
-5712.890,22686.764, 2444.458
-6015.013,28756.706,14089.964
-5493.164,16479.490,20434.565
-1565.550, 7635.496, 9613.037
-2554.322,-4724.122, 1785.280
-2554.322,-15710.447,-6317.136
-4037.476,-21588.131,-6921.385
-2087.402,-13925.167,-2801.513
-2526.854, 1950.073, 5767.823
-6317.136,17935.178, 3158.568
-6866.453,27108.760, 4394.531
-4696.654,12387.082,20214.839
-4202.269, 8212.277,14447.020
-5108.641,  714.110, 5493.164
-5548.093,-10079.953,  988.769
-5053.709,-22494.503, -961.304
-4531.860,-29443.352,-1510.621
-4531.860,-30184.931,-8926.391
-2856.445,-23730.466,  466.920
-3515.623,-17468.258, -933.836
-3652.952,-8651.732,-2362.061
-4229.737,-4202.269, 2554.322
-4119.872,-2252.196, 3625.488
-1620.482,-8871.458,12387.082
-1071.166,-12826.537, 4284.666
-2416.993,-17550.655, 1895.141
-4833.983,-23867.791, 2691.652
-4449.463,-25735.468, 1593.018
-4614.257,-19281.002,-4064.940
-6207.275,-7855.222,-3323.365
-6207.275,-7855.222,-3323.365
-5136.106, 5108.641,10876.464
-6564.330,10546.873, 3103.636
-7278.440,13623.044, 7141.111
-8569.336, 2774.048,21533.198
-9310.910,-8267.209, 9613.037
-11151.122,-26449.578,  411.988
-9805.295,-34579.462,-21066.278
-9997.556,-30706.780,-27713.005
-11920.165,-4394.531, 5850.220
-13073.728,  329.591, 4504.392
-15380.856,24636.834, 5026.244
-13870.235,15875.240,41445.914
-12799.069,  961.304,26422.114
-12167.356,-2362.061, 8074.951
-11892.697,-11508.178,-7937.622
-13568.112,-21752.924, 4833.983
-15490.721,-18786.618,-9558.104
-14749.142,-8129.880, 6262.207
-14584.349, 6097.410, 8486.935
-18814.082,16534.422, 9585.569
-20874.020,17440.794,10107.421
-21203.608,11810.300,12579.343
-21862.789, 8349.606, 8953.855
-25790.400, 3598.020, 7745.360
-24581.905,-2993.774, 4998.780
-24664.302,-4833.983, 2471.922
-24142.450,-6179.807,-1290.892
-27273.553,-1373.292, 3460.694
-26614.375, 7141.111, 2911.378
-26724.236,15051.265, 2609.251
-26531.978,20874.020, 3268.433
-26065.058,10354.612, 7855.222
-25762.936,-4861.451, 4943.848
-24664.302,-8898.923,  384.523
-23620.601,-11013.793,-2691.652
-26339.717,-19116.205,  906.372
-26998.895,-19528.193,-2169.799
-26174.920,-10409.544,-11370.848
-26257.320,  933.836,-9530.636
-26367.181,14144.893, 1181.030
-27548.212,21066.278,-8349.606
-27795.406,30322.260,-9915.160
-30789.176,33892.816, 5603.026
-29196.162,22109.980,-1235.963
-28756.706,10656.734,-12991.331
-30349.724, 1400.756,-16589.351
-29663.078,-3158.568,-22192.376
-28015.132,-8239.745,-22137.448
-25900.265,-3378.294,-26257.320
-25900.265,-3378.294,-26257.320
-25296.016, 8981.320,-17852.778
-26724.236,18154.904,-16671.751
-25378.412,16314.692,-7031.250
-20956.417,-2828.977,-10327.147
-19445.796,  302.123,-21368.405
-18182.369,-2966.306,-23181.149
-19610.593,-10272.215,-20462.033
-16424.557,-7800.293,-34963.981
-16699.216, 7937.622,-34799.188
-19802.851,25296.016,-23345.942
-21368.405,32904.047,-25982.662
-20022.577,29882.808,  823.975
-19555.661,13623.044,-15820.308
-21286.008, 8349.606,-31311.029
-18237.301,-9063.720,-36886.590
-17990.107,-18814.082,-38177.482
-15545.650,-9283.446,-52267.446
-14501.948,-7690.428,-24169.918
-10382.080,  769.043,-32107.536
-7717.892,12030.026,-32464.591
-5026.244, 5245.970,-21752.924
-3433.226, -137.329,-26092.523
-1757.812,-10876.464,-31228.632
 2966.306,-17275.997,-38067.620
 3240.965,-17523.191,-40676.872
 3240.965,-7717.892,-31777.949
 5740.355,-7992.551,-36309.805
 7443.234, -247.194,-38314.811
 7305.908, 9008.788,-40594.475
 8789.062,13760.374,-40786.736
 6866.453,15682.979,-41308.585
 8267.209,20599.362,-34963.981
 8706.665, 9722.898,-37243.645
 9063.720, 5685.422,-42791.738
11206.051,-3543.091,-47955.312
10794.064,-7223.508,-43231.190
11865.233,-8459.471,-41143.792
14035.032,-8047.483,-37957.756
16534.422,-6124.878,-38369.743
20297.236,  164.794,-42572.012
19116.205, 8816.526,-36666.864
19665.522, 9832.763,-36941.522
20791.620,11810.300,-26559.443
25790.400, 1785.280,-33920.280
25076.290,-4010.008,-35403.437
25488.277,-9860.227,-36364.738
25927.729,-16864.009,-34854.120
24114.985, 4449.463,-42874.135
24472.040,13513.180,-23345.942
23043.820,19528.193,-24169.918
23043.820,19528.193,-24169.918
21615.595,17907.710, 3680.420
20434.565,10601.806,-7113.647
19967.648, 4312.134,-15270.991
16424.557,-8734.129,-18951.412
19308.467,-16506.954,-27053.827
18814.082,-16479.490,-25296.016
17907.710,-8898.923,-10025.021
17056.271, 1620.482,-7937.622
15682.979,14776.607,-4861.451
15875.240,18347.162,10574.338
17550.655, 3680.420,14831.539
16891.477,-6756.592, 6179.807
16479.490,-12442.014,-1675.415
14611.813,-16094.966,-6619.262
14144.893,-16204.831, 1867.676
13348.386,-17138.668, 2059.934
12936.398,-7553.099, 2993.774
11425.777, 5438.232, 1757.812
 7827.757,16122.434, 3158.568
 4888.915,21176.143, 4504.392
 5685.422,10766.599,30322.260
 4312.134,  906.372,15051.265
 2966.306,-7690.428,  247.194
 2334.593,-21395.869,-16561.886
 1016.237,-17935.178,-15133.666
  933.836,-12139.891,-3707.885
 -329.591,-4229.737, -302.123
-1126.098,12249.752, 1208.495
 1483.153, 5383.300,23510.736
 2801.513,-2856.445,12963.863
 1153.566,-7305.908, 1263.427
  -54.932,-15353.392,-9255.978
 -796.507,-20159.906,-10162.350
  439.452,-13513.180,-9915.160
-1510.621,-3598.020,-4614.257
 -521.849, 4476.928,-4449.463
-1922.609,15655.514,-4559.324
-3817.750,20681.759,-6207.275
-5026.244,12222.288, 4833.983
-5245.970, -164.794, 4367.063
-6948.850,-2609.251,-8871.458
-6399.536,-6289.672,-18099.972
-9091.184,-11590.574,-14666.746
-9393.307, 5328.367,-18814.082
-10711.667,13293.454,-10958.861
-11480.710,20709.223,-5218.506
-8953.855, 9310.910,14529.416
-7608.031, 5822.752,-5438.232
-6509.398,-7223.508,-18127.436
-5685.422,-17028.806,-11892.697
-7553.099,-14392.087,-33206.170
-7553.099,-14392.087,-33206.170
-4037.476,-12991.331,-4751.586
-4119.872,-4751.586,-12414.550
-2444.458, 1867.676,-11700.436
-1043.701,-1098.634,-2334.593
-2581.787, 1675.415,-13842.770
-1208.495, 3900.146,-15765.379
-1812.744, 6811.520,-16534.422
-1400.756, 9146.117,-18237.301
-3488.159,12689.208,-14007.564
-1977.538, 8981.320,-19198.606
-2883.910,-2664.184,-22631.832
-1455.689,-12799.069,-23565.668
 -851.440,-19720.454,-24774.163
 2169.799,-16259.764,-28948.968
 4421.995,-3900.146,-32244.865
 6646.727, 5795.287,-25131.222
 8596.800,16287.228,-22741.693
 9915.160, 2499.390,-11645.507
 9970.092,  659.178,-19692.990
11672.971,-5465.696,-26449.578
14666.746,-10519.405,-34579.462
17413.326,-11727.904,-30459.589
18649.289,-8404.538,-29333.491
20269.771,-4614.257,-30322.260
22631.832, 1510.621,-36227.408
21890.254,17248.532,-36282.341
23016.352,16891.477,-35595.695
21505.734,22933.955,-29827.876
23702.998,14144.893,-30459.589
24252.314, 8102.416,-38726.798
24472.040, -823.975,-37216.177
27355.950,-5822.752,-38754.263
31750.481,-9255.978,-39523.306
31228.632,-1840.208,-38809.195
33261.102, 3268.433,-33837.883
36117.547, 5410.764,-32739.250
39440.909, 6454.465,-31915.278
39688.103, 4174.805,-30267.328
41171.256,-1016.237,-28811.639
45867.910,-5685.422,-27108.760
47351.063,-5767.823,-26257.320
47158.805,-4696.654,-23373.407
46307.365,-4257.202,-22686.764
50317.373,-6948.850,-21752.924
48367.300, 6509.398,-18237.301
47872.915,10821.532,-18731.686
44934.073, 9585.569, 1290.892
47488.392, 2471.922,-10656.734
46939.079,-8404.538,-16506.954
46719.349,-12002.562,-21752.924
46719.349,-12002.562,-21752.924
48312.367,-10079.953,-21725.460
47296.134,-5273.435,-7498.166
47488.392, 4669.189,-6591.794
47872.915,17468.258,-1647.950
48477.164,16534.422,12112.423
51278.677, 6948.850,11096.190
50097.647,  384.523, 9722.898
49246.207,-8898.923, 7635.496
52212.514,-19006.344, 7717.892
55096.423,-20874.020, 3021.239
53036.489,-14666.746,11068.722
49520.862,-8404.538,14968.868
46362.294, 1922.609,18402.095
44741.812,11013.793,18786.618
42956.536,19638.058,20764.156
39056.389,19830.319,40209.952
42050.164,  878.908,37271.110
38204.950, -466.920,24938.960
36556.999,-6591.794,22906.490
34387.200,-14859.007,21588.131
32601.920,-5685.422,17852.778
31063.835, 6646.727,31832.878
26477.046,19253.534,33700.554
24746.699,26257.320,38095.085
26943.962,16918.942,51333.606
23510.736,11975.094,43450.920
20269.771, 1950.073,37875.359
18923.947,-8267.209,35238.640
19995.113,-16204.831,32217.401
19281.002,-6152.342,38259.878
14859.007, 1235.963,41253.653
14117.429, 5960.081,42572.012
12002.562,12002.562,41610.708
 8706.665,19940.180,41226.188
 4998.780,23977.656,44522.086
 3433.226,16479.490,50399.770
 2526.854, 7608.031,42654.409
 1071.166, 2554.322,40127.555
-1620.482, -851.440,34963.981
-3323.365,-10354.612,39248.651
-5355.835, 1647.950,36309.805
-7058.714, 7553.099,38369.743
-7580.563,10629.270,41006.462
-6784.056, 4339.598,54354.848
-5987.549,-1153.566,40621.939
-8651.732,-5657.958,38452.140
-10217.282,-13458.251,35760.492
-6893.921,-16918.942,29360.956
-6179.807,-4833.983,34854.120
-9255.978, 6207.275,36474.602
-9255.978, 6207.275,36474.602
-9393.307,10601.806,36419.670
-11398.313,14776.607,33810.419
-13128.660,18951.412,40649.407
-13513.180, 7855.222,44659.415
-14062.496,-4284.666,38314.811
-13595.580,-11920.165,26284.784
-12414.550,-15545.650,15682.979
-12551.879,-23483.272,17138.668
-14199.826,-12799.069, 5548.093
-14254.758, -796.507,17935.178
-14913.936,11370.848,17578.120
-13623.044,21505.734,20462.033
-11041.258, 6866.453,26724.236
-12002.562, 5355.835,23400.875
-11810.300,-1538.086,13842.770
-12799.069,-17825.314, 7223.508
-9393.307,-26065.058, 8679.197
-8020.019,-11755.368,-15380.856
-8212.277, -411.988,12332.149
-8404.538,13128.660, 9887.692
-10601.806,24911.492, 8020.019
-5932.616,13760.374,39880.364
-7333.373, 5685.422,26257.320
-7415.770,-1181.030, 8267.209
-3707.885,-17248.532,-8432.006
-5438.232,-21588.131,-9805.295
-5493.164,-18786.618,-7910.154
-5465.696,-4888.915, 8212.277
-4284.666, 5987.549, 3845.214
-2609.251,17056.271, 5493.164
  274.658, 3405.762,26779.169
 1483.153,-10244.750,15820.308
 2169.799,-9228.514, 5905.148
 2499.390,-10848.996,-2032.470
 1318.360,-20269.771, 5740.355
 3131.104,-11260.984, 2279.664
 3680.420,-4943.848, 5685.422
 3598.020, 3570.556, 9173.581
 3543.091, 4394.531,11618.039
 4559.324, 4751.586, 8789.062
 7800.293,11975.094, 8981.320
 5108.641,16644.283,13815.306
 5795.287,-3625.488,24444.576
 5081.177,-11206.051,12442.014
 3295.897,-14392.087, 5493.164
 2114.867,-17962.643,-1345.824
 1373.292,-13513.180,-5493.164
 1895.141,-6921.385, 8322.142
 2883.910, 8514.403, 9420.775
 1620.482,21725.460,14199.826
 1620.482,21725.460,14199.826
 3817.750,10217.282,22219.844
 5905.148, 5355.835,14282.222
 3295.897, 3707.885,10986.325
 3460.694,-4669.189,14035.032
 4174.805,-12689.208,15051.265
 5740.355,-11480.710,13430.783
 6152.342,-6591.794, 9997.556
 4586.792,-5218.506,14529.416
 1840.208, 5685.422,14694.210
 3982.543,11041.258,15655.514
 -164.794,23730.466,26312.249
 -109.865,13677.977,28784.174
-2746.580, -686.646,20874.020
-5245.970,-5685.422,16369.625
-5438.232,-7690.428, 9338.378
-8541.868,-3076.171, 9365.843
-8953.855, -329.591,14721.678
-9475.708,12304.685,17303.465
-11755.368,23812.862,20736.691
-11645.507,10464.476,41336.050
-11563.106, 4284.666,30349.724
-12799.069, 4779.050,22851.558
-12634.276,-7882.690,24609.370
-13540.648,-15655.514,24005.120
-13128.660,-15792.844,23043.820
-12963.863,-8267.209,12524.411
-15902.708, 2691.652,31118.767
-20434.565,13595.580,30047.602
-21423.334,22274.777,29745.479
-22549.435,14694.210,70861.802
-22686.764,  851.440,54876.697
-25515.742,-5657.958,28756.706
-24609.370,-20352.168, 2581.787
-26339.717,-23565.668,11563.106
-28509.516,-17935.178,27410.882
-32437.127, 1675.415,27767.938
-33755.486,18841.550,22521.967
-37078.848,44357.292,21368.405
-33206.170,22137.448,54959.094
-33508.292,10107.421,32821.650
-34963.981, 5603.026,14694.210
-31832.878,-14089.964,-4916.380
-35733.024,-16809.077,-2224.732
-32025.139,-11480.710, 3460.694
-31640.620,  164.794, 6729.124
-32299.798,13046.263, 4916.380
-34030.145,18319.698, 4394.531
-29718.011, 7745.360,28536.980
-30267.328, 7031.250,17825.314
-31558.219, 8294.677, 3048.707
-31558.219, 8294.677, 3048.707
-32794.182,-5548.093,-5657.958
-30459.589,-9887.692,-20901.485
-31915.278,-7662.964,-21203.608
-32904.047,-3076.171,-11151.122
-32244.865, 8789.062,-13073.728
-33480.828,22302.241,-12963.863
-31805.413,24829.096,-7305.908
-29003.900,10876.464, 2114.867
-28701.778, 2252.196,-9805.295
-27383.418,-5163.574,-17797.849
-26834.101,-13815.306,-9063.720
-25405.877,-16012.570,-17001.338
-22549.435,-13540.648,-15710.447
-20764.156, 2966.306,-15957.637
-19720.454,10848.996,-3543.091
-22302.241,17825.314,-6921.385
-18264.766, 8047.483,20516.965
-18731.686, 4394.531, 8432.006
-19940.180,  164.794,-6069.946
-23702.998,-16040.034,-12084.959
-23236.078,-18127.436,-20516.965
-23702.998,-12908.934,-30267.328
-25296.016,-3488.159,-1126.098
-26394.649, 5438.232,-10025.021
-28097.528,21368.405,-9585.569
-25158.686,21395.869,-4669.189
-22192.376,12936.398, -219.726
-21011.350,10107.421,-8898.923
-20791.620, 5465.696,-12139.891
-20654.291,-1290.892,-11343.380
-20242.307,-9777.830,-10299.679
-16259.764,-7031.250,-9860.227
-16424.557, 2169.799,-21368.405
-15463.253,12112.423,-8486.935
-15545.650,18072.508,-8102.416
-13156.124,24444.576,-16314.692
-11370.848,27905.267,-5740.355
-10546.873,11892.697,-5712.890
-12469.478,-1153.566,-18951.412
-12359.617,-13732.906,-26119.991
-12277.220,-22439.570,-44796.744
-11865.233,-19665.522,-55783.069
-10272.215,-16122.434,-28124.993
-10876.464, 9338.378,-34551.994
-8102.416,12249.752,-35211.175
-4367.063, 7415.770,-15902.708
-1181.030,-3240.965,-20187.374
  219.726, 5630.494,-38369.743
   82.397,-14913.936,-48614.494
 1620.482,-29278.559,-42160.025
 1620.482,-29278.559,-42160.025
 6976.318,-21725.460,-68527.206
 7580.563, 6427.001,-32354.730
10299.679, -164.794,-34194.938
 9997.556,11233.519,-20819.088
12716.672, -357.055,-18429.563
12826.537, -247.194,-31832.878
12222.288,-15710.447,-34277.335
14007.564,-26586.907,-55618.276
12908.934,-21533.198,-47515.860
10189.818,-12854.002,-22467.035
 8981.320, 2307.128,-27438.350
 8789.062,16452.022,-24526.973
 9283.446, 6976.318,-6372.068
11288.448,-2444.458,-6317.136
12277.220,-7635.496,-13101.192
11480.710,-13870.235,-20654.291
11233.519,-11343.380,-30267.328
 9997.556,-9118.649,-25817.864
 8679.197,-4037.476,-10903.928
13183.592, 2526.854,-10244.750
14035.032,14913.936,-6509.398
15188.594,14144.893,-5355.835
12057.494,11727.904, -439.452
10546.873,  274.658,10052.489
10437.008, 6124.878, 2636.719
 7937.622, 6015.013,  247.194
 6481.933, 5960.081, -137.329
 4586.792, 5877.684, 3213.500
  384.523, 8267.209, 5026.244
 -631.714, 1867.676,20681.759
-2499.390,-7141.111,10409.544
-5740.355,-10079.953,-2279.664
-5108.641,-12799.069,-4119.872
-8871.458,-6179.807,-11920.165
-10711.667, 8679.197, 5795.287
-13842.770,24279.779, 7196.044
-14666.746,16040.034,33013.908
-10848.996,-3982.543,30761.712
-9860.227,-3268.433, 8212.277
-8734.129,-6756.592,-13513.180
-12634.276,-7333.373, 1016.237
-16424.557, 9558.104, 7360.837
-16094.966, -741.578, 7360.837
-17303.465,23730.466, 4888.915
-18923.947,11013.793,24938.960
-20544.430, 4421.995,14804.075
-22164.912,-2252.196, 1675.415
-22769.161,-3955.079,-7250.976
-24389.644,-5328.367,-3762.817
-26229.852, 2938.842, 2664.184
-28344.722, 8953.855, 3570.556
-28344.722, 8953.855, 3570.556
-24636.834,-4861.451,19555.661
-25076.290,-12634.276, 2993.774
-26696.772,-12634.276,-19583.125
-27548.212,-6811.520,-13156.124
-32821.650,33865.348,   -0.000
-28839.107,15243.527, -878.908
-26779.169,41418.450, 6234.739
-23895.259,41006.462,10546.873
-23922.724,26861.566, 2142.335
-23895.259, 4833.983,-3378.294
-26422.114,-15710.447,-11315.916
-26504.510,-15216.062,-24636.834
-28976.436,-18566.892,-38232.414
-30377.192,  741.578, -137.329
-30651.851,10766.599,-9448.240
-33151.237,26174.920,-12304.685
-31942.742,14474.484,18621.821
-33755.486,12908.934,-2362.061
-34414.664, 8294.677,-17633.052
-32904.047, 3872.678,-23648.065
-32849.114,12744.137,-31860.346
-32492.059,15902.708,-11782.836
-32244.865,19116.205,-20983.882
-29498.285,20599.362,-9667.966
-25762.936, 8596.800,-15710.447
-24938.960, 4614.257,-30047.602
-20901.485, 2087.402,-48229.970
-18402.095, 2142.335,-24526.973
-17056.271, 2664.184,-31832.878
-16177.363, 8157.348,-33837.883
-13046.263,-5328.367,-13101.192
-14447.020,-10079.953,-31008.906
-18264.766,-15820.308,-37243.645
-18841.550,-18731.686,-45730.580
-17852.778,-9091.184,-56167.592
-17138.668, 1181.030,-37078.848
-17413.326,17990.107,-38754.263
-15655.514,26943.962,-34057.609
-11041.258,12551.879,-20846.552
-9915.160,-1455.689,-34332.268
-7580.563,-12826.537,-46939.079
-2169.799,-26257.320,-69680.772
 1235.963,-19226.070,-80447.371
 5932.616, -411.988,-62017.808
 6674.191,29415.888,-48806.752
14035.032,41061.391,-52294.910
20159.906,44934.073,-22027.583
25598.138,12057.494,-20736.691
26257.320, 2609.251,-37957.756
26449.578,-15023.801,-61331.162
26449.578,-15023.801,-61331.162
28536.980,-32382.194,-99755.838
23455.807,-38507.072,-91708.355
23400.875,-26889.034,-77453.597
23757.930,-7305.908,-51882.923
25131.222, 7031.250,-52349.843
23291.010,33535.760,-30569.450
28070.064,24499.508,-42846.671
33178.705,14913.936,-50344.837
35485.834, 7470.702,-57843.007
40319.816, 1153.566,-66137.681
39550.774,  274.658,-58117.662
44824.208, 2554.322,-49630.727
44384.756, 3570.556,-50976.551
46801.750, 7278.440,-46966.543
52624.501, 1400.756,-46994.008
56304.922,-1181.030,-45455.922
58227.527,-2636.719,-43038.932
58035.265,-2554.322,-25955.194
60946.643,-11480.710,-33233.634
57897.936,-12936.398,-34854.120
55590.808,-11590.574,-34551.994
51635.732,-17193.600,-24224.850
48477.164,-8541.868,-21533.198
45016.470, 4257.202,-16259.764
39990.226,12167.356,-9832.763
40319.816,13320.922,-3625.488
40017.694, 7141.111, 1043.701
41500.847,-2169.799, 4614.257
39221.183,-7003.782, 3955.079
39660.635,-15463.253, 4147.337
42214.957,-20159.906, 5712.890
40731.804,-12634.276,  796.507
40100.090,-2334.593, 9777.830
42901.603, 9310.910,12908.934
42297.354,17193.600,13238.521
41748.037,23675.533,13677.977
39550.774,19583.125,35101.310
39440.909, 7223.508,17742.917
36831.658, 5657.958, 9118.649
33590.693, 4064.940, 6591.794
30651.851, -466.920,10079.953
28866.571, 3405.762, 9393.307
24087.521, 8679.197, 9667.966
20434.565,11096.190,12524.411
19088.741, 4696.654,12084.959
19638.058,-3982.543,10409.544
18264.766,-5712.890,11370.848
15463.253,-6207.275,14419.552
11837.765,-2581.787,13870.235
14941.404,-2005.006,13952.635
14941.404,-2005.006,13952.635
12771.605, -823.975,17468.258
13265.989,-5575.561,12496.946
16342.160,-11178.587,-4861.451
16012.570,13650.509, 3350.830
18347.162, 5795.287,10134.886
17275.997,18099.972,22000.118
19006.344,-9146.117,31640.620
19720.454,-12277.220,13320.922
14089.964,-19830.319,   -0.000
 9558.104,-12551.879,-9338.378
13705.441,-28097.528,-17523.191
 9201.049, 4394.531, 8541.868
 8102.416,19775.387, 8047.483
 9448.240,34936.517, 6784.056
13485.715,23181.149,41555.779
16040.034, 9860.227,23455.807
15490.721, 4394.531, 1977.538
17440.794,-13650.509,-15216.062
18978.880,-19445.796,-3598.020
19555.661,-20571.894,-28729.242
21093.746,-8569.336, 3131.104
22412.106, 3158.568, 3131.104
23757.930,12194.820, -357.055
24856.564,17825.314,-3295.897
25460.809, 1812.744,22741.693
26229.852,-4421.995,10299.679
27850.334,-5053.709,-3762.817
27630.608,-6811.520,-24417.108
23895.259,-6756.592,-7141.111
23126.216, 2856.445,-6289.672
22549.435,16452.022,-3872.678
22824.094,25790.400,-3872.678
25927.729, 9146.117,22741.693
26229.852,-2828.977,11068.722
28646.845,-3790.282,-6262.207
30789.176,-13375.850,-29306.023
29772.943,-12634.276,-11837.765
31915.278,-4394.531,-1922.609
31530.755, 5905.148,-5355.835
33151.237,15820.308,   54.932
33535.760, 9063.720,  769.043
34332.268, 7250.976, -357.055
38946.524, 5026.244,  576.781
39221.183, 1647.950, 3323.365
37518.304,-1950.073, 7580.563
38891.592,-3955.079, 4669.189
38287.346,-1620.482, 4943.848
35815.421,  329.591, 8459.471
34881.584,-2828.977,10217.282
33398.431,-2554.322,12689.208
33398.431,-2554.322,12689.208
35650.627, 1730.347,13650.509
36529.535,-1647.950,14309.690
36831.658,11535.642,13952.635
36611.932,16424.557,17330.929
36254.876,14639.278,26614.375
38973.992, 3900.146,19033.808
41033.927,-4257.202,16479.490
43286.123,-2087.402, 5520.629
43203.726,12661.740,21340.937
41500.847,19638.058,24032.588
42297.354,27465.815,21203.608
45318.593,15133.666,45538.322
43835.440, 8541.868,35458.366
41281.121, -439.452,21011.350
42297.354,-8377.074,  -82.397
38095.085, 4064.940,10052.489
34359.736,13705.441,32382.194
34826.652,15847.776,25323.480
31338.493,35623.163,27713.005
32025.139,32217.401,47103.872
31420.894,21478.266,41583.244
30789.176, 4779.050,30157.463
31283.564,-4202.269,21670.528
29470.820,-9585.569,26531.978
28619.377,-7250.976,30239.863
28399.651,-1538.086,35815.421
27438.350, 7360.837,39111.322
24224.850,10107.421,40594.475
23153.681, 3817.750,41445.914
24801.631, 4641.721,42379.751
25433.345, 2362.061,43917.836
22769.161,-9036.252,55865.466
20791.620,-15518.185,44110.098
19857.784,-20407.100,40676.872
17275.997,-16726.680,29772.943
13458.251,-13430.783,44439.689
 9283.446,-2526.854,35513.298
 9777.830,10491.941,41610.708
 7360.837,22467.035,45153.799
 4394.531,20846.552,59490.954
 3460.694, 3186.036,62429.796
 3240.965,-6097.410,52157.581
  -82.397,-14062.496,45620.719
-2252.196,-22467.035,43231.190
-4367.063,-19061.276,37600.700
-5905.148,-7305.908,37161.248
-9503.172,13156.124,62182.606
-17083.735,28921.504,59600.819
-16424.557,34909.049,70147.692
-16506.954,18072.508,89730.817
-16506.954,18072.508,89730.817
-17028.806, 4998.780,81134.017
-21093.746,-12112.423,64929.186
-22521.967,-30761.712,45400.993
-29663.078,-20352.168,41253.653
-32299.798,-17028.806,59930.406
-39166.250, 4257.202,70642.076
-38067.620, 7992.551,68582.138
-39743.035,39468.377,68664.535
-42434.683,38507.072,86929.304
-43395.988,30075.066,75613.388
-47570.792,23016.352,61221.301
-49163.807, 7662.964,57568.349
-48999.013,-5685.422,58612.050
-48394.764,-16424.557,56634.509
-45840.445,-16204.831,52322.378
-46005.239,-22329.706,36859.122
-48422.232,-15792.844,47872.915
-48010.244,-7662.964,45812.977
-49026.478,12167.356,39660.635
-49328.604,19226.070,49850.453
-47763.050, 7415.770,42269.890
-48806.752, 2883.910,31640.620
-50701.892,-4641.721,24856.564
-51361.074,-11727.904,18017.575
-51855.458,-18127.436,15600.582
-50372.305,-11975.094,-3103.636
-49768.056,-3598.020, 6591.794
-49520.862, 1290.892, 2554.322
-47790.518, 1318.360, -384.523
-46994.008, 7937.622,-4202.269
-44219.963, 9887.692,-6921.385
-40237.420, 8459.471,-7580.563
-40072.622,11096.190,-9283.446
-37380.974,22192.376,-9750.362
-37271.110,25460.809,-9722.898
-37243.645,16644.283, 2197.264
-30789.176, -988.769, 2801.513
-28152.461,-3021.239,-9448.240
-25790.400,-12139.891,-14282.222
-21450.802,-26312.249,-28976.436
-21148.679,-18264.766,-33096.305
-18127.436,-3845.214,-13980.100
-18292.234,12387.082,-17468.258
-18182.369,20846.552,-17550.655
-15298.459,21643.063, 6838.988
-14309.690,18072.508,-6069.946
-14913.936, 9503.172,-21121.211
-12084.959,-1290.892,-24197.382
-11178.587,-7003.782,-23675.533
-8981.320,-9585.569,-25900.265
-4669.189,-11096.190,-23016.352
-4669.189,-11096.190,-23016.352
-2966.306,-9558.104,-20764.156
  494.384,-3707.885,-22082.515
 2966.306,-4394.531,-17633.052
 5191.038,-1922.609,-19308.467
 9063.720, 4586.792,-16314.692
10354.612, 1867.676,  933.836
12167.356,-8157.348,-4037.476
12057.494,-24472.040,-14529.416
13925.167,-36941.522,-26889.034
13485.715,-28179.925,-28179.925
14666.746,-21231.076,-16204.831
13760.374,-11535.642,-15051.265
14721.678, 8047.483,-17413.326
15188.594, 9887.692, 9228.514
15985.105,-2087.402, 2307.128
15161.130,-7745.360,-13238.521
15133.666,-17083.735,-24114.985
16232.296,-25790.400,-20874.020
19995.113,-25241.083,-33453.364
21066.278,-12854.002,-18923.947
23730.466, 6069.946,-15545.650
23950.192,20407.100,-13732.906
22851.558,25048.822,-10217.282
27383.418,11123.654, 9832.763
27850.334, 7250.976, 5300.903
29470.820,-1098.634,-2691.652
28811.639,-16726.680,-5657.958
31283.564,-24664.302,-22055.051
30212.395,-13760.374,-16891.477
29333.491,-5932.616,-1483.153
27163.692, 6976.318,-4037.476
26889.034,28152.461,-6481.933
26641.840,42434.683,  549.317
27218.621,34304.803,14721.678
27108.760,22027.583, 8843.994
26092.523,10052.489, -357.055
28619.377,-4779.050,-7937.622
28591.913,-14501.948, -302.123
27548.212,-2334.593,-19363.399
31036.370, 1702.879,18182.369
27053.827,28262.322, 8486.935
26367.181,22329.706,10848.996
31311.029,11288.448,58996.570
32299.798, -576.781,39825.432
31091.303,-4449.463,18539.424
28262.322,-26861.566, 9036.252
23867.791,-20297.236, 2581.787
24966.425,-29278.559,-6701.659
22000.118, 5108.641,21725.460
20874.020, 6399.536,24389.644
20874.020, 6399.536,24389.644
18786.618,31613.152,24279.779
19638.058,25350.948,46087.636
17413.326,16918.942,39358.512
15270.991,10107.421,28894.036
12167.356, -494.384,26504.510
12167.356,-8843.994,27877.802
11480.710,-14776.607,29992.669
10354.612,-13458.251,28784.174
 9613.037,-5410.764,33563.225
 6784.056,-1263.427,34497.065
 4998.780,  741.578,35925.286
 6784.056, 5932.616,37545.768
 6427.001, 6152.342,51443.471
 6069.946,-1373.292,47021.476
 4229.737,-14227.294,38095.085
 3872.678,-21038.814,29168.694
  988.769,-24719.234,30871.577
-2389.525,-9283.446, 8377.074
-4806.518, -192.262,32958.979
-7525.634,15682.979,32904.047
-9942.624,22082.515,42132.560
-11453.245,12936.398,44082.634
-12084.959, 6646.727,31777.949
-13760.374,-3131.104,22137.448
-12854.002,-12744.137,28207.393
-13540.648,-4367.063,14007.564
-14584.349, 1318.360,28042.596
-15655.514,14474.484,29525.749
-17083.735,20764.156,31091.303
-15518.185,-1950.073,49273.672
-15106.198,-8404.538,39111.322
-16040.034,-9695.434,28811.639
-15600.582,-21643.063,25982.662
-16232.296,-29168.694,28427.119
-17962.643,-19143.673, 8596.800
-18923.947,-9722.898,24444.576
-22109.980, 7168.579,24801.631
-24526.973,15243.527,24856.564
-26229.852,29058.833,31091.303
-26724.236,24499.508,36392.206
-27218.621,14556.881,31585.687
-28646.845, 7965.086,23043.820
-30212.395, 3213.500,14941.404
-29360.956,-10491.941,20571.894
-28674.310,-3927.611,17330.929
-27822.870, 4971.312,15023.801
-25708.003,16369.625,24417.108
-27905.267,20104.978,22659.296
-28921.504,22137.448,36282.341
-27081.292, 5657.958,37655.633
-27081.292, 5657.958,37655.633
-26284.784, 4147.337,25762.936
-25598.138,-8789.062,20269.771
-24581.905,-18511.960,13760.374
-27246.089,-24444.576, 7250.976
-27548.212,-11480.710, 4339.598
-29003.900,-1922.609,14007.564
-31338.493,12881.466,10629.270
-33123.773,22988.887, 9310.910
-32299.798,20242.307,21478.266
-32876.579,19610.593,10079.953
-32821.650,12469.478, 2526.854
-32821.650,-4010.008,  494.384
-32409.662,-16918.942, 4037.476
-30212.395,-28482.048, 3570.556
-29965.205,-32601.920,-4174.805
-28179.925,-38150.017,-10299.679
-24801.631,-23620.601,-18402.095
-23922.724,-17385.862,-6921.385
-20709.223, 3900.146,-8212.277
-18154.904,10134.886, 1483.153
-18676.753, 2526.854,-3076.171
-18072.508,-4559.324,-11920.165
-16534.422,-11645.507,-17001.338
-15078.733,-13650.509,-16204.831
-15765.379,-10794.064,-21340.937
-18072.508,-2719.116,-14364.623
-16177.363,-2279.664,-16534.422
-15847.776,  796.507,-15655.514
-16177.363,  823.975,-18402.095
-15518.185, -329.591,-17028.806
-14501.948,-2746.580,-17001.338
-13211.057, 5191.038,-16671.751
-10656.734,12249.752,-15078.733
-11892.697,22412.106,-14501.948
-11782.836,26943.962,-13128.660
-13265.989,25048.822,-11727.904
-14089.964,14584.349,12689.208
-9695.434, 3405.762,-2636.719
-10052.489, 1757.812,-9942.624
-11672.971,-6427.001,-19967.648
-10382.080,-4367.063,-12854.002
-12551.879,  933.836,-7388.305
-12854.002,11508.178,-5685.422
-14172.361,24169.918, -164.794
-15820.308,18759.150, 4861.451
-15902.708,14282.222,-2636.719
-16094.966, 8651.732,-1620.482
-17413.326, 4421.995,-2581.787
-15710.447,-1785.280,-1757.812
-16342.160,-5328.367,-1290.892
-16342.160,-5328.367,-1290.892
-17770.381,-8459.471,-1455.689
-16397.093,-3845.214,-9915.160
-15930.173, 6948.850,-5630.494
-18566.892,14447.020,-5328.367
-17358.394, 9997.556,-1290.892
-16589.351,-4010.008,24087.521
-15106.198, 5163.574, 1593.018
-15545.650,-4064.940,-3405.762
-18896.479,-11315.916,  576.781
-19116.205,-14556.881, -659.178
-18649.289,-10079.953,  329.591
-22604.364,-2526.854,-4119.872
-25900.265,18814.082,-5273.435
-28756.706,22741.693,  439.452
-31503.290,24334.711, 8486.935
-30899.041,14282.222, 8734.129
-34661.858,18649.289,  192.262
-36309.805, 9585.569,-3240.965
-33755.486, 1153.566, -933.836
-34332.268,-4257.202,-3158.568
-33975.212, -384.523,-2032.470
-33233.634,-1043.701,-3460.694
-33782.951,-3021.239,-3460.694
-32409.662,  878.908,-5657.958
-32382.194, 4559.324,-3515.623
-31750.481,-4476.928, 2609.251
-29388.420,-12606.808,-7745.360
-29882.808,-20434.565,-12881.466
-28372.187,-25515.742,-12551.879
-30679.315,-10546.873,-22824.094
-31530.755,-1181.030,-10629.270
-33947.748, 3543.091,-14392.087
-34140.006,-5081.177, 5575.561
-35458.366,-21258.540,-7168.579
-35211.175,-29223.626,-21423.334
-35623.163,-40045.158,-26065.058
-34359.736,-52432.240,-33563.225
-30129.998,-46362.294,-56552.112
-28784.174,-28756.706,-32464.591
-27081.292,-2444.458,-27520.747
-22769.161,10986.325,-29058.833
-25433.345,55371.082,-28866.571
-21643.063,47323.598, 7635.496
-19500.728,11672.971,  933.836
-16479.490,-6564.330,-17962.643
-15023.801,-24938.960,-38424.676
-13403.318,-43148.794,-65451.035
-18347.162,-55178.820,-56140.124
-14172.361,-36199.944,-74295.029
-17358.394, 8432.006,-32601.920
-17358.394, 8432.006,-32601.920
-14721.678,28784.174,-36721.793
-13238.521,40814.201,-1922.609
-11370.848,34771.720,-13046.263
-10601.806,43176.262,-33206.170
-13320.922,35513.298,-47268.666
-10876.464,13870.235,-55096.423
-12139.891, 3488.159,-52377.307
-9201.049, 4394.531,-87121.562
-6317.136,18072.508,-30596.918
-7278.440,38259.878,-46170.036
-8267.209,42901.603,-48312.367
-4147.337,55810.534,-42324.822
 -686.646,35183.707,-10299.679
 6454.465,34826.652,-40127.555
 5438.232,23428.339,-42956.536
 7250.976,12799.069,-47433.463
 6207.275,13403.318,-47488.392
 5053.709,18649.289,-36447.134
 2005.006,24581.905,-32876.579
 -714.110,30459.589,-23812.862
 3323.365,11947.630,-19528.193
 2691.652,-3872.678,-30981.438
 -164.794,-7168.579,-42929.068
 -137.329,-12716.672,-39193.718
  796.507, 7827.757,-38452.140
 5438.232,-3817.750,-30679.315
   -0.000,28070.064,-33343.499
 1647.950,37655.633,-21890.254
 3158.568,26339.717,-14117.429
 6015.013, 8212.277,-9475.708
 7635.496,-19802.851,-4367.063
12030.026,-41418.450,-13980.100
14007.564,-60836.778,-24801.631
17715.449,-85061.628,-43286.123
10986.325,-84374.982,-32437.127
 6811.520,-29772.943,-51333.606
 7992.551,-41033.927,-20104.978
13073.728,-19912.716,-20462.033
 8514.403,16094.966, 8953.855
12991.331,-11398.313, 6042.478
10519.405,-6317.136,-6015.013
 9722.898,13073.728,-45895.378
 5026.244,-29278.559,-19088.741
 6097.410,-42544.548,-23455.807
 9008.788,-48367.300,-8898.923
10025.021,-38973.992,-41006.462
 7113.647,-55673.204,-27026.363
 5767.823,  219.726,-66851.791
 5740.355,14089.964,-28784.174
 9173.581, 6646.727,-21560.663
 9173.581, 6646.727,-21560.663
17083.735,23428.339,55096.423
16314.692,32986.444,-6948.850
14968.868,39523.306,-22082.515
11480.710,19335.935,-34112.542
 1235.963,22329.706,-25323.480
 2224.732,-6015.013,-29470.820
-1757.812, -439.452,-17907.710
-3488.159, -823.975,-18429.563
-1675.415,-2801.513,-14309.690
-5053.709,-3240.965,-22192.376
-11508.178,-14447.020,-19912.716
-7058.714,-30404.657,-15408.320
 -247.194,-32189.936,-36337.273
-1400.756, -796.507,-43176.262
-8624.264,16561.886,-14694.210
-9558.104,22000.118,-13732.906
-8432.006,-7443.234,10711.667
-1043.701,-25955.194,  -27.464
-6921.385,-30294.792,-19445.796
 1483.153,-49575.794,-34881.584
 4284.666,-47653.189,-50015.250
 6207.275,-27493.279,-11343.380
 4586.792,-22439.570,-6152.342
 3598.020,-8541.868, 7388.305
 4504.392,-9255.978, 3680.420
 1785.280,-13897.703,-6399.536
  137.329,-28811.639,-13265.989
 1455.689,-39028.921,-20709.223
 -384.523,-39578.238,-30349.724
-4367.063,-25103.754,-34826.652
-5575.561,-10876.464,-19143.673
-5163.574,-3543.091,-24691.766
-4888.915,14062.496,-23648.065
-4641.721,15216.062,-20379.636
-6619.262,19226.070,-26449.578
-4998.780,24169.918,-26229.852
-5822.752,25460.809,-25735.468
-5685.422,15353.392,-2032.470
-2114.867,-2032.470,-10739.135
-1593.018,-4394.531,-20736.691
-1593.018,-17852.778,-29772.943
-1757.812,-19308.467,-30157.463
-1538.086,-11096.190,-70147.692
-5383.300,41967.763,-19830.319
-3076.171,39001.457,-21368.405
-1730.347,46060.171, 1950.073
-1263.427,37133.780,13046.263
-1455.689,40374.749,-15847.776
-4284.666,19445.796,-34222.406
-3790.282, 8157.348,-57128.893
 2554.322,-10107.421,-71878.036
 2554.322,-10107.421,-71878.036
-1235.963,23016.352,-25378.412
 2966.306,10079.953,-30322.260
 3131.104,23538.204,-22109.980
 6069.946, -466.920,-12579.343
 9915.160,-14556.881,-20736.691
11590.574,-31777.949,-31228.632
12496.946,-27383.418,-69406.114
15875.240,-43011.464,-53503.405
11755.368,  988.769,-22000.118
14721.678,-7635.496,-27932.735
17330.929,17303.465,-21697.992
15133.666,24362.179,-19912.716
14584.349,13705.441,-22604.364
15435.788, 2499.390,-27191.156
13430.783, 3735.349,-35211.175
16067.502, 4779.050,-34497.065
16864.009,-4202.269,-34826.652
18402.095,-9997.556,-35293.572
20104.978,-8184.812,-36309.805
24938.960,-6701.659,-41500.847
23702.998, 7250.976,-34469.597
28564.448,11315.916,-34249.871
29498.285,24609.370,-32327.262
31942.742,16040.034,-10546.873
33728.022, 7800.293,-23702.998
32437.127, 1593.018,-33920.280
34304.803,-8020.019,-46032.707
34359.736,-18457.027,-37518.304
34304.803,-13760.374,-49740.592
33398.431,  741.578,-35952.750
34194.938,14474.484,-28454.584
32025.139,16809.077,-32189.936
32876.579,17495.723,-14886.472
33810.419,16369.625,-26092.523
32382.194, 7470.702,-28921.504
33618.157,-8596.800,-26010.126
36090.079,-13623.044,-26943.962
36502.067,-15325.924,-27246.089
37600.700, -576.781,-20791.620
40374.749, 4614.257,-19775.387
39743.035,19720.454,-17385.862
40182.487,23043.820,-5740.355
42132.560,-4174.805, 8349.606
43945.304,-7910.154,-9420.775
45867.910,-22494.503,-15902.708
42132.560,-30294.792,-11068.722
42681.877,-35458.366,-44686.879
42489.616,-15435.788, 4202.269
39056.389, 8679.197,-2801.513
35815.421,13183.592,  274.658
35815.421,13183.592,  274.658
34332.268, 7333.373,26998.895
33892.816, 8514.403, 8239.745
31475.822, -549.317,-1757.812
31723.016,-13760.374,-4586.792
30294.792,-21917.722,-7223.508
30487.054,-6289.672,-13787.838
31448.358, 1757.812,17990.107
26998.895, 9777.830, 7360.837
25845.332,20297.236, 6564.330
25021.357, 9750.362,46142.568
24884.028,-1977.538,26147.455
25680.535,-13485.715,10134.886
28015.132,-20050.045,-21643.063
26559.443,-25433.345,-13293.454
23208.613,-13732.906,16561.886
21093.746,-1867.676,10766.599
21148.679,14447.020,13787.838
20159.906,10052.489,20269.771
18099.972, 4257.202,20654.291
14392.087, 6344.604,13458.251
12222.288, 2224.732,13293.454
10272.215,-4531.860,14913.936
 8981.320,-8953.855,12359.617
 8981.320,-1620.482,11700.436
 8816.526,-5355.835,12661.740
 6564.330, 3048.707,19747.922
 5136.106, 9283.446,16836.545
 4998.780,16204.831,20242.307
 6838.988,-9777.830,38204.950
 6921.385,-19967.648,23428.339
 7470.702,-26010.126,11837.765
 6344.604,-29003.900, 4779.050
 5493.164,-26916.498,-1235.963
 2609.251,-5493.164,14447.020
 2664.184, 8981.320,15628.050
  219.726,29663.078,16726.680
  -54.932,19885.248,51168.812
-1620.482,11782.836,35238.640
-4284.666, 4449.463,13870.235
-3900.146,-8953.855, 2059.934
-4476.928,-20874.020, 5657.958
-2856.445,-20571.894,-5493.164
-3158.568,-5630.494,13787.838
-3268.433, 7470.702,14282.222
-5191.038,14062.496,11096.190
-4779.050,18511.960,21725.460
-4696.654,15518.185,23785.394
-4202.269, 2801.513,14501.948
-5438.232,-4367.063, 8761.594
-4916.380,-7910.154, 6042.478
-4916.380,-7910.154, 6042.478
-6317.136,-4257.202, 5520.629
-6427.001,-7086.179,11151.122
-6701.659, 2911.378, 6811.520
-5136.106,10711.667, 6838.988
-6591.794,13238.521, 8734.129
-8898.923,12002.562,17715.449
-7882.690,10711.667, 6042.478
-8102.416, 1290.892, 3900.146
-7690.428,-5795.287, 2691.652
-6015.013,-4174.805, 1840.208
-4669.189, 1345.824, -823.975
-4586.792,-1318.360,-4284.666
-4147.337,10382.080, 2938.842
-4064.940,14996.336, -631.714
-3955.079,25296.016, 3900.146
-3158.568, 5465.696,13073.728
-2087.402,-7415.770,  988.769
  686.646,-16040.034,-14804.075
 2169.799,-19912.716, 1071.166
 2087.402,-13046.263,-15188.594
 1922.609,-1235.963,  302.123
 2334.593,12167.356,-2691.652
 2581.787,10217.282,11096.190
 3048.707,14447.020, -219.726
 2005.006,13623.044,-5520.629
 1153.566, 8157.348,-4339.598
  466.920,  494.384,-3048.707
 1593.018,-1922.609,-2993.774
 1950.073,-1181.030,-7415.770
 6454.465,-8789.062,-10546.873
 2279.664,15435.788,-11700.436
 4696.654,14392.087,-7250.976
 6179.807,21148.679,  109.865
 7443.234, 9393.307,12030.026
 7360.837,-4586.792,  109.865
 8596.800,-17990.107,-5905.148
 9942.624,-22329.706,-20791.620
12606.808,-25433.345,-28482.048
12167.356,-20104.978, 3900.146
10491.941,  549.317,-7223.508
10189.818,22329.706,-4943.848
12606.808, 9777.830,11947.630
11535.642, 1647.950, 7882.690
 9942.624, 1290.892,-3872.678
10766.599,-11563.106,-5355.835
10958.861,-17248.532,-10162.350
11398.313,-8377.074,-22741.693
13925.167,-5877.684, 3048.707
 9393.307,10272.215,-4806.518
11782.836,13128.660,-4394.531
11782.836,13128.660,-4394.531
12387.082,-1455.689,25543.206
15353.392,-3543.091, 9173.581
14968.868,-8734.129,-2279.664
18511.960,-20407.100,-11398.313
17385.862,-24966.425,-8651.732
19967.648,-19226.070,-9008.788
18484.492,-10437.008, 2114.867
17715.449,-4559.324, 1373.292
18374.630, 5191.038, 1730.347
16314.692, 1950.073, 8871.458
14227.294, 4092.408, 2966.306
14282.222, 3240.965, 3131.104
12277.220, 2307.128, 3076.171
12908.934,-1098.634, 8212.277
14007.564,-1235.963, 2142.335
13705.441,-2883.910,  961.304
12963.863,-12771.605, 4147.337
10821.532, 2938.842, 8239.745
10162.350, 4174.805, 7196.044
11865.233, 1812.744,21917.722
12359.617,-2389.525,10382.080
11672.971,-11865.233, 4779.050
12606.808,-18786.618,14337.155
12991.331, 3955.079,-12661.740
 9970.092,13513.180,15600.582
 8514.403,22384.638,30404.657
 9146.117, 5657.958,42736.806
10134.886,-2252.196,28866.571
 6893.921,-10848.996,17248.532
 4119.872,-18649.289,-10162.350
 4284.666,-38150.017,-11315.916
 2059.934,-2636.719,10272.215
 -192.262, 4861.451,21560.663
-2856.445,24499.508,23950.192
-3488.159,18429.563,55508.411
-4394.531, 7168.579,50344.837
-5822.752, 4998.780,33920.280
-7360.837,-4998.780,24032.588
-6948.850,-14474.484,11755.368
-10107.421,-15161.130,12716.672
-9503.172,-16671.751,30926.506
-8706.665,-12496.946,25131.222
-6811.520,-7058.714,24636.834
-10354.612, 2087.402,24581.905
-12277.220, 7965.086,24993.893
-11563.106,-2307.128,35733.024
-12771.605,  631.714,28811.639
-15106.198,-2224.732,20462.033
-14996.336,-15298.459,15902.708
-13952.635,-17852.778, 9201.049
-13952.635,-17852.778, 9201.049
-14831.539,-16726.680, -741.578
-14666.746,-7168.579, 6948.850
-15985.105, 8102.416,11315.916
-16369.625,18429.563, 7333.373
-17660.520,20077.510,16424.557
-17330.929,  796.507,23840.327
-16122.434,-4449.463, 8926.391
-15820.308,-20462.033,  961.304
-15518.185,-30871.577,-16012.570
-12799.069,-39331.048,-31201.164
-13842.770,-7443.234,-5850.220
-12799.069,-1235.963, 2966.306
-13238.521,20324.704, 5136.106
-11700.436,16671.751,39907.829
-10986.325, 3845.214,28042.596
-12991.331, 9310.910, 4888.915
-15682.979,-5493.164,-4257.202
-14611.813,-14117.429,-1647.950
-11068.722,-16726.680,-27658.076
-13238.521,-7470.702, 2224.732
-13101.192, 6207.275,-4339.598
-13073.728,20599.362,-4998.780
-12167.356,27795.406,-5493.164
-9365.843,14282.222,19253.534
-7250.976, 8377.074,14007.564
-7745.360, 3488.159,-2307.128
-6893.921,-11727.904,-3350.830
-3543.091,-23345.942,-16534.422
-1840.208,-21286.008,-21697.992
-2087.402,-12496.946,-3131.104
-4449.463,-4861.451, -988.769
-5960.081, 4476.928,-2444.458
-4559.324,10986.325, 7305.908
-5877.684,16534.422, -933.836
-5438.232,10025.021,-4339.598
-4614.257, 1812.744,-4531.860
-3433.226,-3350.830,-7003.782
-4367.063,-1620.482,-7772.825
-3955.079,-2883.910,-4174.805
-2252.196,-3845.214,-6674.191
-1318.360, 2636.719,-8541.868
 -933.836, 8569.336,-5603.026
-1565.550, 8789.062,-2444.458
 2719.116,   54.932,-8267.209
 2087.402,-6509.398,-5548.093
 1510.621,-12551.879,-3378.294
 4724.122,-15573.118,-3186.036
 6015.013,-10464.476,-7168.579
 4779.050,-7827.757,-6948.850
 6399.536,-3350.830,-2499.390
 6399.536,-3350.830,-2499.390
 5191.038, 2664.184,-3488.159
 1538.086,14804.075,-2581.787
 1071.166,14117.429,   82.397
   -0.000, 4531.860, 7662.964
 1867.676,-5987.549, 2362.061
 1620.482,-5328.367,-2691.652
  961.304,-7992.551,-18127.436
 -109.865, 8239.745,-1538.086
 -686.646, 8514.403,  521.849
-2883.910,18649.289, -769.043
-1730.347, 9640.501,23675.533
   -0.000, -549.317,12854.002
  -54.932,-3186.036, 1373.292
  823.975,-13650.509,-4998.780
-1235.963,-21340.937, 3103.636
  823.975,-13238.521,-9365.843
 2471.922,-5273.435, 6097.410
  302.123, -466.920, 6838.988
  -27.464,  411.988, 7470.702
 1153.566,-3543.091,10134.886
-2334.593, 1620.482, 4064.940
-2911.378, -109.865, 6646.727
-3433.226,-1071.166, 4559.324
-6811.520, 3378.294, 7333.373
-9750.362, 7443.234, 7827.757
-10931.393, 4504.392, 5603.026
-12057.494, 3872.678, 7168.579
-11975.094, 3488.159, 6289.672
-12963.863, 5410.764,10491.941
-11892.697,-2087.402,22027.583
-11260.984,-5795.287,10794.064
-11178.587,-12524.411, 7003.782
-13046.263,-17852.778,12579.343
-11233.519,-15682.979,10739.135
-10189.818,-5108.641, 4202.269
-11645.507, 3350.830,13156.124
-13128.660, 6509.398,13595.580
-14447.020,-2362.061,24197.382
-14831.539,-2005.006, 9503.172
-14694.210,  219.726, -302.123
-17166.136,-3762.817, 6811.520
-18923.947, 1785.280, 5740.355
-19885.248,11206.051, 6481.933
-21395.869,16534.422, 4119.872
-21697.992, 8459.471, 2307.128
-22879.022,  961.304, 2636.719
-24774.163,-1867.676, 3735.349
-23895.259,-4641.721, 4229.737
-22494.503,-11453.245, 1153.566
-19720.454,-11892.697, 1428.221
-20379.636,-9228.514,  384.523
-20379.636,-9228.514,  384.523
-20983.882,-2307.128, 3433.226
-19363.399,-2581.787, 2169.799
-19583.125, 4614.257, 1098.634
-18841.550, 3323.365, 2169.799
-19335.935,-10766.599, 3598.020
-18594.356,-15710.447,-2911.378
-19308.467,-14282.222,-26586.907
-22988.887,11782.836,-8596.800
-22961.423,-2966.306,-7772.825
-22192.376,  494.384, 9091.184
-21505.734, 4229.737, -878.908
-23208.613, 8322.142,-12689.208
-21478.266,-9228.514,-31091.303
-21807.857,-11837.765,-20352.168
-21697.992,-6481.933,-24966.425
-20681.759,-1071.166,-13183.592
-19363.399, 1510.621,-7553.099
-17962.643,-2416.993,-11837.765
-18127.436,-3295.897,-16836.545
-17935.178,-11837.765,-13320.922
-16287.228,-18347.162,-13623.044
-13595.580,-12359.617,-25515.742
-11398.313, 1400.756,-17001.338
-12908.934, 7992.551,-16397.093
-15216.062,15655.514,-15023.801
-14859.007,17687.984,  988.769
-15600.582, 7498.166,-4394.531
-14364.623,-3707.885,-13458.251
-13430.783,-11508.178,-19061.276
-13458.251,-7250.976,-38919.060
-11178.587, 4394.531,-24032.588
-14282.222, 7608.031,-21643.063
-14364.623,16067.502,-17990.107
-13760.374,13073.728, 1208.495
-12167.356, 8102.416,-17413.326
-10409.544,-8212.277,-25488.277
-10766.599,-13897.703,-38671.866
-8514.403,-7690.428,-46389.762
-8157.348, 2938.842,-20516.965
-8816.526, 9228.514,-21286.008
-6015.013,21231.076,-14968.868
-4779.050,18182.369,-14501.948
-6069.946, 2444.458,-10217.282
-4092.408,-10354.612,-19720.454
-2828.977,-15380.856,-32986.444
-2746.580,-17605.588,-28372.187
-2938.842,-10437.008,-35678.092
-3021.239,  137.329,-25433.345
-4339.598,12661.740,-24636.834
-3790.282,16232.296,-20077.510
-3790.282,16232.296,-20077.510
-3131.104,10629.270,-24911.492
-1867.676, 5465.696,-24114.985
-2581.787, 1977.538,-22357.174
-1126.098,  329.591,-21725.460
  219.726,-9448.240,-24087.521
-1290.892,-12963.863,-26147.455
 2252.196,-11123.654,-26724.236
 2059.934,-8267.209,-25076.290
 3405.762,-1071.166,-21533.198
 3598.020, 3131.104,-20159.906
 4806.518, 6536.866,-12826.537
 7470.702, 1235.963,-17028.806
 7141.111,-7278.440,-19418.332
 6481.933,-11398.313,-20187.374
 6234.739,-9146.117,-18072.508
 5026.244,-6811.520,-17687.984
 6811.520, -878.908,-19747.922
 5932.616, 4861.451,-19198.606
 5136.106,13320.922,-19363.399
 5767.823,14392.087,-19418.332
 2114.867,17138.668,-19033.808
  686.646,16149.899,-15902.708
  302.123,11590.574,-9475.708
 1455.689, 4449.463,-16342.160
 2581.787,-5108.641,-15985.105
 3680.420,-6976.318,-17880.246
 5438.232,-9475.708,-15710.447
 4421.995,-5108.641,-13375.850
 4037.476,-1950.073,-11975.094
 7772.825, 4367.063,-12139.891
 9585.569, 6179.807,-12799.069
 8184.812, 3735.349,-9887.692
 5795.287,-4339.598,-7498.166
 5438.232,-6893.921,-12744.137
 6976.318,-7305.908,-10354.612
 3707.885,-2307.128,-10986.325
 2334.593, 2471.922,-8541.868
  741.578, 2526.854,-6372.068
 -933.836,  659.178,-13760.374
   82.397, -576.781,-11590.574
 -329.591,-4531.860,-13842.770
-2362.061, 4696.654,-14776.607
-1812.744, 8377.074,-13128.660
-2005.006, 8981.320,-13046.263
-1345.824, 6811.520,-10162.350
-1098.634, 2334.593,-11508.178
  192.262,  164.794,-11975.094
 -219.726, -109.865,-9365.843
  247.194,-2416.993,-9255.978
 3405.762,-2664.184,-10134.886
 3405.762,-2664.184,-10134.886
 6234.739,-4339.598,-11343.380
 5850.220,-9887.692,-10601.806
 4064.940,-15628.050,-12936.398
 4641.721,-16781.612,-13265.989
 4724.122,-13787.838,-13623.044
 1785.280, 8047.483,-41885.366
 1318.360,15847.776,-15902.708
-1840.208,29525.749,-15106.198
-2609.251,21258.540,-4779.050
-2938.842,12771.605,-3543.091
-3048.707, 3076.171,-12799.069
-4614.257,-9997.556,-18264.766
-2636.719,-20736.691,-35760.492
-1757.812,-16671.751,-30981.438
 1208.495,-11563.106,-18649.289
 2499.390,-2581.787,-19363.399
 3186.036, 5575.561,-18841.550
 2334.593, 2334.593,-2911.378
 3433.226, 1126.098,-13018.795
 5548.093,-4806.518,-17468.258
 8843.994,-9201.049,-17962.643
 9448.240,-14062.496,-15463.253
 8761.594,-14913.936,-14529.416
 9201.049,-17275.997,-16864.009
 9118.649,-9558.104,-27136.224
 8377.074,-1593.018,-18923.947
 8239.745, 1785.280,-17001.338
 7086.179, 2609.251,-19995.113
 8239.745,  192.262,-23483.272
 7058.714, 5603.026,-21560.663
 6646.727, 5136.106,-21203.608
 5850.220,-11480.710, 7470.702
 7086.179,-14831.539,-16534.422
 9228.514,-18704.221,-33288.566
11096.190,-20269.771,-24829.096
11947.630,  274.658,-34909.049
15161.130, 4833.983,-22000.118
13623.044,23428.339,-21670.528
15902.708,15106.198,20571.894
16452.022, 2279.664,-5822.752
17962.643,-4010.008,-23593.136
19473.264,-11810.300,-31036.370
18594.356,-11782.836,-33700.554
18896.479,-14227.294,-16946.406
19445.796,-7360.837,-19198.606
19775.387, 3735.349,-20791.620
20654.291,11700.436,-21423.334
18429.563,19363.399,-20928.949
18676.753,22082.515,-20462.033
15161.130,27603.144,-13760.374
15161.130,27603.144,-13760.374
17852.778, 5603.026,-3460.694
17578.120, 1318.360,-12112.423
17358.394,-4367.063,-20764.156
18347.162,-7800.293,-23867.791
17633.052,-1812.744,-31777.949
20654.291, -604.249,-13623.044
21752.924, 6948.850,-16342.160
22879.022,16534.422,-15545.650
23071.284,17935.178,-5548.093
22961.423, 9173.581,-3707.885
25350.948,-3213.500,-9997.556
25982.662,-11920.165,-10382.080
27026.363,-17770.381,-13265.989
25927.729,-25515.742,-10272.215
25735.468,-14337.155,-15930.173
27740.473,-9475.708,-10656.734
25021.357, 5932.616,-9970.092
22631.832,20132.442,-2334.593
20928.949,29965.205,-2856.445
17687.984,34771.720,-1702.879
18457.027,18182.369,37490.836
16864.009, 3762.817,30322.260
16122.434,-6784.056,13980.100
15902.708,-26834.101, 1016.237
15078.733,-16149.899,-25186.151
19171.138,-34991.449,-24829.096
15298.459, 4504.392,13018.795
15518.185, 4751.586,10382.080
12579.343,36968.987,12551.879
14666.746,33343.499,53778.064
15682.979, 9201.049,41748.037
16891.477, 2279.664,15902.708
14694.210,-10574.338, 6509.398
 9832.763,-4614.257, 3735.349
10739.135,-19500.728,-9310.910
 9118.649, 6234.739,17797.849
10519.405, 7415.770,17687.984
 7278.440,31668.084,15957.637
 6289.672,21560.663,51388.538
 5822.752,-1208.495,41308.585
 4943.848,-6674.191,15133.666
 8377.074,-13320.922,-20516.965
 7635.496,-15765.379,-16259.764
 3817.750,19967.648,20050.045
 2032.470,10134.886,13293.454
 -329.591,31338.493,24334.711
 2911.378, 9338.378,34634.394
 4092.408,-2883.910,23126.216
 5328.367,-19308.467, 6536.866
 6729.124,-28701.778,-27026.363
 6729.124,-28701.778,-27026.363
 8239.745,-48889.148,-23318.478
 7965.086,-31970.207, 2691.652
 9118.649,-14227.294,-7250.976
 8129.880,17605.588,-1400.756
 6289.672,29333.491, 2774.048
 3955.079,19610.593,33590.693
 3570.556, 9255.978,27163.692
 3598.020, 8129.880, 6976.318
 3982.543, -961.304,-1400.756
 6509.398,-9887.692,-14749.142
 8074.951,-6866.453,-31393.426
 9008.788, 7168.579,-1565.550
 6674.191,22851.558,-1867.676
 4367.063,35815.421, 2087.402
 4531.860,26147.455,14666.746
 5960.081, 9558.104, 6838.988
 8377.074,-2389.525,-2581.787
 9695.434,-15902.708,-4696.654
11178.587,-22576.900,-6427.001
13265.989,-19857.784,-25735.468
14639.278,-8761.594,-14007.564
11233.519,17962.643,-1263.427
12634.276,20434.565,-2224.732
13787.838, 7635.496,37765.494
16534.422,11096.190, 8569.336
17797.849,13540.648,-23263.546
16259.764,11398.313, 9503.172
14886.472,20791.620, 4724.122
15655.514,23400.875,-6619.262
12881.466,56964.100, 8432.006
13623.044,52267.446,12991.331
11865.233,44989.006,14501.948
12249.752,25488.277,18237.301
14392.087, 3103.636,23153.681
16891.477,-9750.362,12167.356
19308.467,-31091.303, 2801.513
21862.789,-44384.756,-34469.597
21093.746,-53173.818,-46032.707
17523.191,-13925.167,-5767.823
17468.258,-8074.951, 3817.750
16094.966, 9338.378,14968.868
16259.764, 3103.636,27438.350
17660.520, 2691.652,15463.253
18841.550,-12249.752, 4998.780
19940.180,-25708.003,-1235.963
20489.497,-30129.998,  686.646
21670.528,-17633.052,-8981.320
24526.973,-17962.643, 3900.146
21286.008,-13101.192, 8102.416
20983.882,-7388.305, 6756.592
20983.882,-7388.305, 6756.592
20489.497, 3652.952, 5136.106
20928.949,-6784.056,26559.443
21615.595,-37765.494,35870.353
22521.967,-58804.308,20571.894
22494.503,-76162.705, 4724.122
25762.936,-67236.314,-40704.336
30899.041,-87094.098,-43890.372
23730.466,-13815.306,13293.454
23181.149,-10079.953,18869.015
19171.138, -686.646,40512.078
22714.229,-42105.092,101678.447
25076.290,-50756.825,53915.393
24472.040,-36282.341,12057.494
24993.893,-6893.921,-55096.423
10739.135,27850.334,-97201.519
19088.741,-12744.137, 6646.727
18429.563,-12991.331,16452.022
19308.467,-24444.576,136175.508
21286.008,-11727.904,58337.392
16726.680, 3103.636,15847.776
10546.873,-15435.788,-10162.350
 5355.835,15737.911,-24224.850
14556.881,-13156.124,22219.844
11508.178,30377.192,32437.127
14364.623,24005.120,60040.271
11837.765,41308.585,43753.043
 7992.551,59957.874,31997.675
 5932.616,41940.299,38150.017
 5163.574,-1373.292,80035.384
 4806.518,-10491.941,68115.222
 4998.780,-27410.882,33096.305
 4669.189,-37380.974,-19555.661
 7278.440,-72592.150,-4476.928
-3350.830,-5767.823,35540.762
 1977.538,10437.008,49603.262
-10299.679, 2334.593,58666.979
-2307.128,-56579.576,72674.546
-3652.952,-68417.345,38314.811
 6042.478,-54244.984,-35375.969
14364.623,-112747.169,-21423.334
-1702.879,-9201.049,81765.731
-4806.518,-23510.736,49108.878
-6674.191, -164.794,39880.364
-6948.850, -384.523,68939.194
-3955.079,-4943.848,50564.563
  411.988,-25048.822,34030.145
-2087.402,-42517.080,16259.764
-3543.091,-69213.852,-11453.245
-4696.654,-49163.807,39770.500
-4421.995,-55838.002,32629.388
-3652.952,-64022.814,37573.236
-3652.952,-64022.814,37573.236
 -247.194,-57650.746,23098.748
-4229.737,-45016.470, -851.440
-6124.878,-17248.532,12112.423
-15875.240,-5657.958,28152.461
-15710.447,-12634.276,61880.479
-13732.906,-17248.532,29223.626
-11535.642,-3872.678,10244.750
-15682.979,  411.988,23345.942
-19253.534,11947.630,16534.422
-21807.857,20022.577,22686.764
-20159.906,21807.857,44549.550
-22988.887,19061.276,24581.905
-26229.852,11755.368,19692.990
-23373.407,-3021.239, 7360.837
-22961.423, 2993.774, 1730.347
-22549.435,16204.831,13293.454
-25048.822,30953.974,23483.272
-26559.443,42105.092,27905.267
-24801.631,40374.749,38424.676
-25158.686,38864.128,34085.077
-24279.779,35842.889,26202.388
-23318.478,29718.011,24719.234
-20187.374,31805.413,21862.789
-20242.307,27081.292,22302.241
-19500.728,30651.851,21752.924
-19665.522,29360.956,21286.008
-18429.563,22521.967,17825.314
-16754.148,  549.317,19775.387
-17385.862,-9475.708,10684.202
-17687.984,-24636.834, 8486.935
-16397.093,-33837.883, 3817.750
-13760.374,-35787.956, 1400.756
-13980.100,-28152.461,-1922.609
-13211.057,-29031.365,  109.865
-16644.283,-22137.448,   54.932
-12304.685,-18154.904,-4339.598
-12030.026,-9613.037,-6207.275
-12112.423,-4888.915,-4421.995
-15875.240, 6317.136,  -54.932
-15985.105, 3131.104,10299.679
-15930.173,-1840.208, 4202.269
-15518.185,-1647.950, -631.714
-17962.643, -906.372, -796.507
-17770.381,-8843.994,  466.920
-18786.618,-8761.594,-1016.237
-17358.394,-10107.421, -302.123
-15600.582,-4888.915, -988.769
-15353.392,-3268.433, -384.523
-16397.093,-10711.667,12332.149
-14859.007,-6646.727,-1455.689
-14859.007,-6646.727,-1455.689
-12194.820,-11782.836,-4751.586
-12881.466,-8898.923,-9448.240
-15243.527, 9530.636,-2828.977
-14282.222,15985.105, 1840.208
-12442.014,24636.834, 7058.714
-13348.386,18896.479, 7443.234
-14694.210,16891.477, 1208.495
-14529.416, 5520.629,-1565.550
-12222.288, -686.646,-1373.292
-12084.959,  219.726,-2746.580
-13348.386, 5081.177,-2334.593
-12854.002, 5493.164,-3240.965
-13348.386,17687.984,-4202.269
-12469.478,24856.564,-5081.177
-14694.210,38040.152, -961.304
-14144.893,36117.547,17028.806
-14831.539,20462.033,16287.228
-11727.904,10903.928,-1620.482
-9860.227,  137.329,-29113.765
-10684.202, 1181.030,-13101.192
-11151.122,10574.338,-4559.324
-10354.612,18045.040,-2416.993
-12963.863,36172.480,-3021.239
-12524.411,27932.735,23181.149
-11590.574,10931.393,19720.454
-11508.178, 1263.427, 1318.360
-11480.710,-8184.812,-2389.525
-10327.147,-16589.351,-13485.715
-10986.325,-23977.656,-17715.449
-13787.838,-17330.929,-17275.997
-13540.648,-2334.593, 7333.373
-13815.306,14254.758,-1647.950
-15628.050,35485.834,-1263.427
-17742.917,30706.780,33261.102
-18978.880,27713.005,14804.075
-20874.020,25378.412, -851.440
-22851.558,24197.382,  878.908
-24417.108,17358.394, 1702.879
-25927.729,11700.436, 3021.239
-25955.194, 7058.714, 3405.762
-27960.199, -219.726,  631.714
-27795.406,-3652.952,-3790.282
-28839.107,-2609.251, 3240.965
-29827.876, 3570.556, 2471.922
-30569.450, 9558.104, 2059.934
-28674.310,-11920.165,31283.564
-25955.194,-33316.034,22109.980
-24389.644,-35348.504, 2499.390
-23098.748,-44714.347,-32464.591
-24417.108,-50042.714,-30926.506
-24417.108,-50042.714,-30926.506
-31558.219,14584.349,-8102.416
-31970.207,14117.429, 3543.091
-30789.176,16506.954,11041.258
-29992.669,22055.051,57046.496
-25241.083, 7965.086,29168.694
-25653.071, 5987.549,-5218.506
-25460.809,-15408.320,-44522.086
-28179.925,-39825.432,-29168.694
-31805.413,-17468.258,-10794.064
-31091.303,-21752.924,-5383.300
-32739.250, 7498.166,-5410.764
-30075.066, 4998.780,  164.794
-32958.979, 9860.227,-14968.868
-35238.640,18264.766,-19967.648
-38259.878,18457.027,-13375.850
-38891.592,24554.437,-14447.020
-38369.743,24114.985,-1071.166
-36090.079,25900.265,-19665.522
-35513.298,23318.478,-24938.960
-33370.963,21752.924,-21121.211
-34497.065,27603.144,-24911.492
-36090.079,32629.388,-22274.777
-35842.889,23867.791,-15298.459
-33178.705, 8212.277,-29278.559
-27905.267,-4119.872,-36639.396
-25186.151,-10464.476,-46389.762
-26284.784, 8981.320,-51031.483
-25241.083,24472.040,-31887.810
-24444.576,33975.212,-34359.736
-22082.515,26943.962,-16506.954
-21697.992,22796.626,-31393.426
-18347.162,19775.387,-39907.829
-19610.593,13128.660,-44549.550
-16918.942, 5410.764,-44879.141
-18045.040, -933.836,-46444.691
-15710.447, 1043.701,-45840.445
-17797.849, -906.372,-45620.719
-15463.253,-3515.623,-43753.043
-16259.764,-7470.702,-45867.910
-13623.044,-6564.330,-48916.616
-12716.672,-13265.989,-45373.525
-12387.082,-6536.866,-43780.507
-11590.574,-1730.347,-43093.865
-9393.307,-4943.848,-34524.529
-7992.551,-8651.732,-45153.799
-4531.860,-13568.112,-46719.349
-3378.294,-16699.216,-47790.518
-3158.568,-15216.062,-46252.433
 1016.237,-10848.996,-47405.995
 3955.079,-7772.825,-49246.207
 3955.079,-7772.825,-49246.207
 7772.825,-10272.215,-50894.154
10134.886,-12057.494,-52734.362
12661.740,-9887.692,-68197.619
13375.850, 4202.269,-65011.583
12908.934,20022.577,-58474.721
12277.220,33343.499,-55041.491
16726.680,19335.935,-48834.220
17166.136,15930.173,-57705.678
18759.150,12771.605,-64681.992
21890.254,12002.562,-70175.156
25268.551, 9228.514,-67510.973
25460.809,18841.550,-71713.242
27658.076,23620.601,-66741.930
30624.383,27795.406,-65423.570
32684.321,25378.412,-66686.998
36007.682,19418.332,-65011.583
36447.134,13732.906,-53942.861
38891.592, 8047.483,-61056.508
37985.220, 3405.762,-61083.972
40374.749,-1345.824,-57952.868
41665.640,-5108.641,-54931.630
43917.836,-3625.488,-53750.599
43807.975,  466.920,-64627.063
43286.123,26065.058,-52322.378
42077.628,35760.492,-41445.914
41967.763,41500.847,-36639.396
42681.877,34771.720,-15957.637
42764.274,33151.237,-25021.357
41088.859,24581.905,-35595.695
41693.105,12359.617,-33947.748
42681.877, 3405.762,-33068.840
42489.616, 9448.240,-35540.762
42681.877,13183.592,-23318.478
42956.536,19226.070,-19253.534
45126.335,23263.546,-17797.849
45400.993,32546.992,-12277.220
49575.794,18045.040,-4037.476
50509.634, 4229.737,-1318.360
54052.722,-13403.318,-5218.506
53283.679,-23538.204,-10025.021
53256.215,-27658.076,-20599.362
52267.446,-20462.033,-18649.289
50234.976,-10546.873, -549.317
48999.013, 1757.812, 1922.609
49795.520, 1208.495,16918.942
49273.672, 7827.757, 2554.322
46170.036, 6097.410, 3488.159
43121.329,  796.507, 7031.250
39358.512,-3652.952, 9722.898
38891.592,-4531.860, 8871.458
38891.592,-4531.860, 8871.458
35101.310,-2719.116,10025.021
32464.591,-5850.220, 9640.501
30487.054,-10711.667, 9393.307
30157.463,-4064.940, 3570.556
28179.925, 6866.453, 6976.318
25296.016,17413.326,10409.544
25598.138,16067.502,17056.271
24636.834,-3323.365,37930.291
26998.895,-11178.587,19088.741
26284.784,-17330.929,-20516.965
25817.864,-39083.854, 6481.933
18649.289, 5053.709,15628.050
22164.912,-3488.159,17001.338
21121.211,22988.887,20104.978
23593.136, 3323.365,50372.305
24334.711,-10903.928,35266.108
21780.392,-28839.107,19692.990
21862.789,-43231.190,-17550.655
21862.789,-66577.133,-5987.549
21121.211,-35623.163, 6042.478
18951.412,-14035.032,27987.664
17028.806,-7772.825,27410.882
17935.178, 4037.476,66412.339
18017.575,-5465.696,56140.124
13815.306, -933.836,34661.858
 9805.295,-17825.314,26449.578
 8871.458,-23016.352,14501.948
 8514.403,-35321.036, 1428.221
 6701.659,-29635.614,30816.644
 5520.629,-21176.143,27520.747
 6591.794,-11480.710,24005.120
 4861.451, -302.123,24801.631
 1126.098, 5108.641,26449.578
-1840.208,15490.721,31942.742
 3048.707,-11233.519,46884.146
 3707.885,-22027.583,33123.773
 3735.349,-36941.522,19253.534
 1455.689,-40814.201,-2114.867
 4586.792,-32244.865, 8596.800
 2691.652,-9255.978,22906.490
 3103.636,-1016.237,18237.301
 2966.306, 6289.672,53970.325
 2883.910, 6179.807,24279.779
 2993.774, 9091.184,12826.537
 3350.830, 4833.983, 9255.978
 3213.500,-1922.609,13265.989
 4010.008,-2362.061,13430.783
 3240.965, 3076.171,12744.137
 3433.226, 5548.093, 9310.910
 3103.636, 2005.006,10162.350
 3543.091, 2224.732, 8761.594
 3543.091, 2224.732, 8761.594
 3213.500, 6509.398, 8596.800
 2774.048,10903.928, 7058.714
 2746.580,12469.478, 5932.616
 4174.805,21862.789, 4394.531
 4449.463,26449.578, 7635.496
 5081.177,23098.748,13568.112
 6921.385,12716.672, 3543.091
10272.215, 8734.129, 1922.609
11727.904, 6893.921,-4229.737
10327.147,28344.722,-6234.739
11810.300,31036.370, 2636.719
11480.710,40100.090, 3186.036
15573.118,31201.164,17935.178
17275.997,21450.802,11865.233
15765.379,12771.605, 2801.513
17605.588,-2362.061,  -82.397
18923.947,-8157.348,-15161.130
20352.168, 4064.940,-26531.978
19995.113,15490.721, 4064.940
18978.880,26834.101, 2087.402
18869.015,36639.396, 4202.269
22109.980,33920.280,25405.877
23345.942,24307.247,13458.251
21340.937,18786.618, 5163.574
19033.808, 6811.520, 7058.714
19088.741,-1757.812, 7855.222
18621.821,-5438.232, 8871.458
18731.686,-10189.818,-1867.676
17111.203,  302.123, 1757.812
16040.034,12854.002, 8816.526
13513.180,32080.072,14694.210
14886.472,35073.846,25790.400
15078.733,19995.113,39385.976
14913.936, 8294.677,24169.918
12551.879,-8514.403,17605.588
14062.496,-16094.966, 5191.038
13677.977,-17660.520, 5136.106
13595.580,-8184.812,29745.479
11508.178, -302.123,28756.706
12002.562,13815.306,30184.931
12469.478,15408.320,29415.888
11920.165,18594.356,31832.878
 9613.037,17935.178,38397.208
 8871.458, 6179.807,51278.677
 7827.757,-10629.270,39138.786
 9338.378,-18347.162,27658.076
 8212.277,-22247.309,16589.351
 7580.563,-17275.997,15380.856
 4119.872,-5191.038,36474.602
 1785.280,10052.489,32739.250
 1785.280,10052.489,32739.250
 -466.920,23016.352,42050.164
  247.194,16891.477,48889.148
 1263.427, 5877.684,44082.634
  247.194,-9860.227,32327.262
 2005.006,-23318.478,15490.721
 -714.110,-30816.644,29608.150
 -137.329,-31750.481,20297.236
 -631.714,-22933.955,30047.602
-1400.756,-10903.928,27960.199
-3735.349,-4641.721,31695.548
-4861.451,  -54.932,32739.250
-5960.081, 2526.854,36639.396
-4888.915,-2664.184,37600.700
-5438.232,-10739.135,34442.132
-4998.780,-18566.892,30651.851
-5548.093,-24609.370,18402.095
-7278.440,-7498.166,28207.393
-9887.692, 2087.402,39385.976
-10739.135,12332.149,37353.506
-10546.873, 2059.934,57513.416
-11398.313,-3570.556,46774.282
-12963.863,-5245.970,34963.981
-14941.404,-9722.898,32162.468
-15930.173,-15435.788,28894.036
-17138.668,-11975.094,28207.393
-17303.465,-7168.579,31338.493
-18621.821,-2389.525,31173.700
-18649.289, 7717.892,23977.656
-18099.972,14996.336,32574.456
-18841.550,22604.364,32409.662
-19528.193,24526.973,41198.720
-19006.344,15737.911,37875.359
-17962.643, 4669.189,31091.303
-18209.837,  494.384,26751.704
-17001.338,-6481.933,23593.136
-18347.162,-10162.350,21395.869
-19885.248,-4696.654,15820.308
-19912.716, 5850.220,13870.235
-19418.332, 9420.775,16452.022
-18621.821,13650.509,15847.776
-17935.178,10217.282,12744.137
-18182.369, 5493.164,11672.971
-17880.246, 2801.513,11343.380
-16891.477, 5026.244,10079.953
-15875.240,10848.996,14117.429
-13238.521,-2993.774,18786.618
-14227.294,-10519.405, 9503.172
-10931.393,-17083.735, -796.507
-12469.478,-25598.138,-10272.215
-13430.783,-7415.770,-8184.812
-13430.783,-7415.770,-8184.812
-13677.977,-2416.993, 4779.050
-14309.690,10052.489, 3515.623
-14172.361,14639.278,20434.565
-13568.112,11123.654,17907.710
-12744.137, 6976.318, 6701.659
-12936.398,  247.194, 2993.774
-11975.094,-3433.226,-2911.378
-11727.904,-8294.677,-2416.993
-11260.984,  769.043, 3213.500
-10354.612, 4751.586, 2993.774
-9475.708, 7388.305,10025.021
-8432.006, 4779.050, 2581.787
-7827.757, -274.658, 2938.842
-8322.142,-2416.993, 4724.122
-7113.647,-3131.104, 5136.106
-5136.106, -906.372, 4614.257
-4421.995,-2581.787, 2059.934
-4367.063,-4531.860, 1318.360
-4476.928,-3570.556, 2416.993
-4394.531,-2526.854, 1483.153
-5575.561,  494.384, 1016.237
-5960.081, 4614.257, 2032.470
-4394.531, 5603.026, 2938.842
-4037.476, -604.249, 4229.737
-5657.958,-7196.044, 1455.689
-5438.232,-9942.624, 3323.365
-5877.684,-11755.368, 2142.335
-4724.122,-3021.239,-7333.373
-6262.207, 2224.732,  576.781
-7525.634, 6481.933, 1867.676
-8267.209, 6866.453, 1208.495
-9036.252, 4916.380, 2499.390
-7031.250,  -54.932, 2719.116
-8541.868,-1785.280,  961.304
-7415.770,-7223.508,  384.523
-8377.074,-9063.720,  796.507
-8761.594,  549.317,  549.317
-7827.757, 6481.933,  219.726
-8816.526,10079.953, 1620.482
-9283.446, 2169.799, 8184.812
-9338.378,-2197.264,   -0.000
-8267.209,-4724.122, 1730.347
-8239.745,-4559.324, 2993.774
-9448.240,-5438.232, 3872.678
-9146.117,-3213.500, 4147.337
-8734.129,-7662.964, 2993.774
-7745.360,-10876.464, 2664.184
-6289.672,-10107.421, 2609.251
-8349.606, -604.249,-7855.222
-10354.612, 2224.732, 4724.122
-10354.612, 2224.732, 4724.122
-12854.002, 9722.898, 9091.184
-11618.039, 6262.207,11096.190
-11370.848, 1043.701, 5850.220
-12387.082,-3076.171, 6976.318
-12442.014,-9832.763, 7196.044
-13952.635,-15545.650, 8349.606
-14282.222,-17550.655, 6427.001
-13870.235,-18099.972, 5657.958
-13677.977,-19967.648, 6591.794
-16479.490,-5987.549,-4669.189
-19912.716, 6207.275, 7250.976
-22412.106,12771.605,15353.392
-21478.266, 2059.934,12661.740
-22631.832, 4284.666, 3021.239
-20599.362, 1345.824,-4669.189
-22109.980,-2005.006, 1593.018
-23565.668, 6701.659, 3652.952
-25955.194,11947.630, 7360.837
-25405.877, 5053.709,10382.080
-26779.169,  933.836, 1510.621
-26449.578,  357.055,-4064.940
-29113.765, 4064.940,  494.384
-29965.205,11041.258, -549.317
-29992.669,18347.162, 3735.349
-25296.016, 1483.153,14776.607
-24719.234,-6124.878, 1455.689
-25570.674,-15902.708,-2581.787
-24884.028,-20626.826,-14611.813
-24609.370,-25708.003,-12084.959
-26834.101,-13732.906,-24142.450
-25158.686,  302.123,-2032.470
-26586.907,13980.100,-7772.825
-27053.827,25323.480,-1373.292
-24911.492,11920.165, 7772.825
-23702.998,  494.384, 1235.963
-24334.711,-9310.910,-15216.062
-22988.887,-21203.608,-29031.365
-26147.455,-30377.192,-21203.608
-25927.729,-28262.322,-37161.248
-26998.895,-15463.253,-25158.686
-28894.036, 4504.392,-22137.448
-29278.559,19940.180,-22933.955
-29525.749,32052.607,-13320.922
-28234.858,27081.292,-10134.886
-26861.566,21862.789,-21423.334
-27218.621, 9750.362,-29718.011
-27932.735,-1593.018,-32409.662
-27383.418,-8102.416,-40457.146
-25900.265,-8486.935,-42077.628
-26284.784, 1373.292,-36447.134
-26284.784, 1373.292,-36447.134
-25350.948, 5520.629,-33920.280
-25103.754,11782.836,-34826.652
-24005.120, 9558.104,-37573.236
-23812.862, 8212.277,-39880.364
-21862.789, 8157.348,-38809.195
-21697.992,11206.051,-40209.952
-21697.992,14172.361,-39358.512
-21450.802,12854.002,-31668.084
-17330.929, 6289.672,-41390.982
-14886.472,  686.646,-46939.079
-12936.398, -439.452,-47598.257
-12084.959,  549.317,-56524.648
-11041.258,12139.891,-51525.868
-11700.436,19747.922,-54217.519
-11947.630,24746.699,-49740.592
-12057.494,11288.448,-46197.500
-9613.037,  -54.932,-58337.392
-6372.068,-12524.411,-66632.065
-6372.068,-12661.740,-71932.968
-6372.068, 6179.807,-71136.461
-4229.737,11315.916,-60232.532
-4806.518,19006.344,-58200.062
-1373.292,10134.886,-52157.581
  -82.397, 9667.966,-62539.661
  494.384, 5905.148,-66192.613
 1812.744, 1620.482,-65368.638
 4614.257,-3543.091,-65533.435
 4229.737, 2938.842,-67922.960
 5108.641, 8706.665,-66247.546
 6069.946,10848.996,-64901.722
 5712.890, 7717.892,-65615.832
 6015.013, 4641.721,-66522.204
 6619.262, 5191.038,-64434.802
 7965.086, 7141.111,-64324.937
10162.350, 8953.855,-64956.650
10958.861,10354.612,-63555.894
11975.094,10629.270,-63858.020
11892.697, 8871.458,-64022.814
11508.178,10986.325,-60562.120
12084.959,10546.873,-60040.271
13458.251,10025.021,-59188.831
14886.472, 9860.227,-57238.758
16067.502, 8761.594,-55865.466
16314.692, 3900.146,-54327.380
16754.148, -137.329,-52926.624
18786.618,-3048.707,-50537.099
21588.131, -878.908,-49575.794
23318.478, 1593.018,-48779.287
22384.638, 8020.019,-46856.678
21972.650,11975.094,-45373.525
21972.650,11975.094,-45373.525
22714.229,14968.868,-43176.262
23345.942, 6317.136,-35485.834
24060.053,  -82.397,-42050.164
28179.925,-7608.031,-51278.677
25296.016, 6838.988,-52432.240
28262.322,51855.458,-53832.996
27905.267,62210.070,-44000.233
32080.072,73745.712,-45016.470
27850.334,130599.947,-31887.810
20983.882,145733.612,-21038.814
22109.980,110137.918,-21890.254
19940.180,93768.293,-14474.484
20104.978,66851.791,-16397.093
21093.746,17028.806,-18154.904
19995.113,-33782.951,-26037.594
23016.352,-77535.994,-31008.906
23016.352,-115466.285,-33453.364
25076.290,-143481.416,-43917.836
21725.460,-145651.216,-66961.656
22467.035,-181933.556,-54272.448
11260.984,-164355.433,-66000.352
-2252.196,-114642.310,-35046.378
-16671.751,-42022.696,-4312.134
-17248.532,-44769.276,  247.194
-15380.856,19995.113,-46334.830
-14337.155,72647.078,99728.374
-12689.208,74597.152,30102.534
-3955.079,66302.478,12442.014
 6729.124,37600.700,-10931.393
10546.873,23098.748,-21917.722
 9640.501,13760.374,-7882.690
 4806.518,15078.733,12414.550
 1290.892, 5355.835,17330.929
 1181.030, -988.769,13540.648
 5520.629,-9338.378,15930.173
 6372.068,-4888.915,27740.473
 4943.848, -933.836, 6152.342
 1593.018, 3817.750,10134.886
 -192.262, 2691.652,10876.464
 -878.908,-15133.666,19171.138
 -384.523,-25680.535, 4696.654
  439.452,-37216.177,-15600.582
-1812.744,-31475.822,-6756.592
-8129.880,-28536.980,-14117.429
-11645.507,-35787.956, 7498.166
-3488.159,-63995.350,47515.860
-9530.636,-85171.493, 2581.787
-3598.020,-99838.235,-15051.265
-10848.996,-97476.178,-7800.293
-8184.812,-97833.233, 9805.295
-11398.313,-88961.774, 4312.134
-11398.313,-88961.774, 4312.134
-9613.037,-75640.853,31997.675
-12606.808,-69103.991, 7196.044
-12936.398,-61029.040, 1428.221
-16452.022,-50509.634,-1950.073
-19445.796,-32739.250,-20077.510
-23236.078,24938.960,-15600.582
-22686.764,63308.704,-12277.220
-23373.407,111950.662,-7305.908
-23428.339,155181.852,-3076.171
-22384.638,187591.514,26834.101
-22137.448,188442.954, 9667.966
-22412.106,187316.856, -411.988
-23812.862,155978.363,-3652.952
-15682.979,76986.677, 5108.641
-18237.301, 8706.665,-16424.557
-6976.318,-50152.579,-26751.704
-18731.686,-78524.762,-47790.518
-12030.026,-101705.911,-28097.528
-4833.983,-104122.904,-16479.490
-1318.360,-78991.682,-46115.104
  659.178,-25598.138,-15792.844
-3378.294,15463.253,-11398.313
-3021.239,53640.734,-6619.262
-6646.727,79568.464, 4669.189
-5191.038,76684.554, 4833.983
-3570.556,56744.374,-8212.277
  357.055,38287.346,-27767.938
 2691.652,14419.552,-39550.774
 2416.993,-6784.056,-50509.634
 1565.550,-20187.374,-46417.226
 3021.239,-22796.626,-44879.141
 5987.549,-20269.771,-40841.665
11920.165,-19281.002,-41665.640
12387.082,-17275.997,-39193.718
11590.574,-16369.625,-35815.421
11563.106,-14501.948,-36666.864
 9310.910,-12991.331,-38342.279
 7745.360,-12799.069,-39331.048
 6564.330,-11096.190,-41198.720
 7223.508,-6701.659,-43753.043
 6756.592,-4724.122,-47708.122
 4394.531, 5026.244,-45565.787
 4394.531,11892.697,-42517.080
 5053.709,19363.399,-40759.268
 3598.020,18923.947,-29251.091
 3598.020,15875.240,-37985.220
 2856.445,12661.740,-39495.841
 1950.073,11480.710,-37875.359
  494.384,11453.245,-34167.474
 -302.123, 9722.898,-33013.908
 -302.123, 9722.898,-33013.908
 -384.523, 6784.056,-33151.237
-2252.196, 4751.586,-32656.853
-1428.221, 7772.825,-30953.974
-2142.335, 9585.569,-30184.931
-1510.621,16864.009,-29635.614
-2005.006,20242.307,-28894.036
-1153.566,24746.699,-27932.735
 -961.304,24719.234,-27383.418
 -302.123,24636.834,-25048.822
  796.507,24636.834,-24993.893
 2664.184,26092.523,-23263.546
 4669.189,26889.034,-19967.648
 7690.428, 8843.994,-15216.062
 9146.117,-1510.621,-21093.746
13568.112,-6591.794,-29388.420
15133.666,-12908.934,-22412.106
15298.459,-1318.360,-30541.986
15820.308, 6838.988,-21066.278
15628.050,15298.459,-20077.510
16314.692,20709.223,-19473.264
16506.954,21395.869,-14639.278
19171.138, 2691.652,-8377.074
19335.935,-7992.551,-10958.861
19061.276,-16918.942,-21038.814
19775.387,-29360.956,-29003.900
19006.344,-36611.932,-26834.101
19143.673,-26724.236,-41610.708
18264.766,-21313.472,-30129.998
17193.600,-10052.489,-24938.960
15985.105,-1895.141,-29718.011
14337.155, 7937.622,-30432.121
13760.374, 8239.745,-15902.708
13787.838, 2197.264,-16699.216
14364.623,-8486.935,-24444.576
13238.521,-25076.290,-29168.694
13293.454,-35568.230,-34194.938
10601.806,-35733.024,-46939.079
 9942.624,-22439.570,-40649.407
 4092.408,10382.080,-25543.206
 6124.878, 7415.770,-25488.277
 4119.872,26779.169,-8404.538
 5438.232,24362.179,-13320.922
 3488.159,20269.771,-17193.600
 1647.950,10272.215,-19583.125
  329.591, 1593.018,-17935.178
-1757.812,-5163.574,-11892.697
-2581.787,-6948.850,-14666.746
-2966.306,-5053.709,-8239.745
-3076.171,-5960.081,-6729.124
-3845.214,-4312.134,-3845.214
-3845.214,-4312.134,-3845.214
-5960.081,-5740.355,-2307.128
-7278.440,-4559.324,  769.043
-7388.305,-8404.538, 1345.824
-7003.782,-10848.996, 2774.048
-6921.385,-15106.198, 2609.251
-8102.416,-10354.612, 2691.652
-10766.599,-4174.805,  219.726
-11700.436, 1565.550, 6042.478
-13046.263, 4943.848, 6344.604
-12524.411,-3900.146,12414.550
-12579.343,-10382.080, 4586.792
-12139.891,-16067.502, 4669.189
-14941.404,-18154.904, 6536.866
-15682.979,-16781.612, 5108.641
-18347.162,-13623.044, 4504.392
-18484.492,-10437.008, 3515.623
-18374.630,-11865.233, 2059.934
-17413.326,-10107.421,-1840.208
-16397.093,-9640.501,-2774.048
-16589.351,-10217.282,-4394.531
-17248.532,-15353.392,-5520.629
-18676.753,-18484.492,-8596.800
-18896.479,-18869.015,-9310.910
-20050.045,-15325.924,-11315.916
-20379.636,-12057.494,-13897.703
-19638.058,-10025.021,-15875.240
-19940.180,-15353.392,-19940.180
-20599.362,-17495.723,-21121.211
-23318.478, 9448.240,-26834.101
-26422.114,38726.798,-28756.706
-23730.466,29388.420,-21945.186
-27053.827,51168.812, 4779.050
-26065.058,53201.282,-7635.496
-27575.680,38809.195,-13842.770
-28536.980,20434.565,-21917.722
-29965.205, 1318.360,-25296.016
-28262.322,-13595.580,-42352.286
-29992.669,-14364.623,-41226.188
-30102.534,-10958.861,-25405.877
-29772.943,-3295.897,-21203.608
-31420.894, 9393.307,-19912.716
-29003.900,11260.984,-10848.996
-27136.224,12991.331,-17166.136
-24829.096, 5960.081,-20791.620
-22824.094, 3103.636,-21340.937
-20214.839,  521.849,-23318.478
-20104.978, 4971.312,-25405.877
-20187.374,10739.135,-25103.754
-20077.510, 4229.737,-27795.406
-21368.405, 3103.636,-35842.889
-21368.405, 3103.636,-35842.889
-20242.307, 4888.915,-37133.780
-20214.839, 5520.629,-41253.653
-18457.027,12469.478,-46691.885
-19583.125,13348.386,-51333.606
-19061.276,14776.607,-54244.984
-20571.894, 8432.006,-58749.379
-20022.577, 3900.146,-62155.138
-20407.100, 2719.116,-63555.894
-21176.143, 4064.940,-64352.405
-22988.887, 8020.019,-65808.090
-22659.296, 9805.295,-66467.272
-23538.204,13540.648,-67401.108
-23126.216,21148.679,-66714.462
-22521.967,23812.862,-66522.204
-21066.278,26641.840,-64407.334
-22439.570,20819.088,-63034.045
-22329.706,17495.723,-60617.052
-21697.992,18923.947,-58502.185
-17440.794,12936.398,-56991.564
-22137.448,14556.881,-50674.428
-21121.211, 6564.330,-44906.605
-24032.588, 5767.823,-46719.349
-21972.650, 5355.835,-42077.628
-23181.149, 1895.141,-39083.854
-20599.362,-1647.950,-38946.524
-22302.241, 9915.160,-41583.244
-21313.472,14804.075,-44439.689
-21588.131,21505.734,-38562.005
-19885.248, 8541.868,-21505.734
-19418.332,-1565.550,-31723.016
-21450.802,-9832.763,-39358.512
-19418.332,-18154.904,-50070.179
-17852.778,-22192.376,-46307.365
-18017.575,-13815.306,-48532.093
-18621.821,   27.464,-38891.592
-19885.248,10382.080,-41528.311
-22164.912,22933.955,-41857.902
-23538.204,10217.282,-34112.542
-25872.797, 1483.153,-42956.536
-25900.265,-6152.342,-57843.007
-23785.394,-11892.697,-75009.139
-22082.515,-8953.855,-74487.290
-21807.857,  686.646,-71878.036
-23153.681,13128.660,-69021.590
-24609.370,24774.163,-69927.962
-26147.455,22549.435,-55178.820
-23345.942,18484.492,-66741.930
-21697.992,11590.574,-75366.194
-21286.008, 2609.251,-76794.419
-21423.334,-4367.063,-77233.871
-21423.334,-4367.063,-77233.871
-21835.321,-5520.629,-78167.707
-23840.327,-4531.860,-78305.036
-21478.266,-2499.390,-79870.590
-18292.234, 5767.823,-83358.749
-18209.837,17303.465,-79074.079
-16506.954,21368.405,-74871.810
-15600.582,25872.797,-71575.913
-14254.758,21972.650,-66989.120
-12881.466,12936.398,-72756.943
-11727.904, 3570.556,-70394.882
-9063.720,-4284.666,-69598.375
-10546.873,-2005.006,-68994.126
-11782.836,-1867.676,-67208.850
-15435.788, 6811.520,-66989.120
-13540.648, 6921.385,-67401.108
-12139.891, 9420.775,-69488.510
-13128.660, 2609.251,-71466.048
-12634.276,  384.523,-69845.566
-12496.946, 1235.963,-69570.907
-13348.386, 3240.965,-70422.350
-13265.989, 6262.207,-69433.578
-14337.155, 7800.293,-69653.308
-14062.496, 4531.860,-70834.334
-15051.265, 4367.063,-71493.516
-16479.490, 5218.506,-71054.064
-16506.954, 8074.951,-73196.395
-18209.837, 9585.569,-75530.992
-15792.844,11920.165,-75283.798
-14282.222,10876.464,-76766.951
-11975.094, 7910.154,-77893.049
-11810.300, 3762.817,-78634.627
-12771.605, 1757.812,-78717.024
-14089.964,-1016.237,-76492.292
-16067.502, 8651.732,-77343.736
-16094.966,14227.294,-78359.969
-16177.363,22027.583,-77481.061
-15573.118,20022.577,-77783.188
-14831.539,15765.379,-78167.707
-12936.398, 7278.440,-78222.640
-13156.124, 1126.098,-77069.077
-11425.777,  329.591,-76959.212
-9860.227, 1483.153,-77810.652
-7937.622, -714.110,-78002.914
-11288.448,23950.192,-79486.067
-10903.928,29360.956,-80090.316
-6756.592,31365.961,-84320.050
-7882.690,15380.856,-73168.931
-6674.191,15353.392,-86160.262
-5548.093, 4531.860,-87231.427
-2032.470,-4943.848,-90142.805
-2032.470,-4943.848,-90142.805
-3460.694,-5273.435,-87835.676
 -521.849,  109.865,-87231.427
-4174.805,  302.123,-84320.050
-2362.061, -109.865,-82067.854
  411.988,-1400.756,-85418.683
 2142.335,  247.194,-86352.520
 4037.476, -109.865,-86929.304
 6097.410, 7937.622,-87670.879
 6124.878,11453.245,-87753.276
 6015.013, 7443.234,-81051.620
 6344.604, -686.646,-89318.830
 5987.549,-7937.622,-90115.337
 6866.453,-10437.008,-92202.739
 8267.209,-4669.189,-94619.732
 7415.770, 4888.915,-96432.476
 7333.373,17523.191,-86270.123
 6674.191,24856.564,-83660.872
 9475.708,15792.844,-70532.212
 8569.336,12881.466,-81655.866
 5300.903, 5520.629,-83578.475
 5520.629, 2032.470,-87643.415
 2609.251,-2719.116,-83056.622
  549.317,12194.820,-79074.079
 1647.950,14639.278,-75750.718
